  88 ! number of kpoints evaluate
  36 ! number of orbital

    0.000000  -17.312172  -16.073372  -10.823110   -8.833571   -7.892962   -7.214519   -7.171821   -5.994196   -5.745816   -4.561137   -2.395144   -1.353092   -0.502052   -0.245215   -0.113037    1.299597    2.284541    2.967275    4.503021    4.526712    4.784203    5.376266    5.821231    9.761039   10.571336   11.031117   11.653922   11.962683   12.204620   13.176576   13.213828   14.377185   14.810381   15.520209   15.736735   16.757505
    0.034547  -17.310236  -16.073565  -10.829489   -8.851756   -7.884695   -7.208195   -7.168931   -5.993186   -5.734707   -4.565326   -2.389420   -1.348062   -0.514707   -0.246857   -0.129592    1.275359    2.285685    2.984120    4.499398    4.539870    4.811861    5.380565    5.855139    9.699415   10.568917   11.035558   11.680408   11.926930   12.207168   13.178365   13.214765   14.384028   14.812008   15.516902   15.739701   16.757051
    0.069094  -17.304434  -16.074207  -10.848295   -8.904015   -7.861608   -7.189448   -7.160275   -5.990204   -5.701972   -4.577803   -2.372394   -1.333418   -0.553846   -0.249720   -0.177810    1.205509    2.289638    3.033788    4.488547    4.576738    4.893081    5.392958    5.956101    9.529035   10.560719   11.047368   11.748683   11.823277   12.215818   13.183015   13.215806   14.404115   14.814063   15.509237   15.747838   16.755966
    0.103641  -17.294735  -16.075403  -10.878557   -8.984757   -7.827657   -7.158893   -7.145896   -5.985394   -5.649150   -4.598276   -2.344485   -1.310439   -0.620760   -0.253749   -0.250027    1.097440    2.297935    3.113890    4.470601    4.631314    5.022990    5.411905    6.121227    9.280690   10.544106   11.064546   11.660875   11.835290   12.233451   13.188416   13.212545   14.436128   14.808945   15.503284   15.759180   16.755211
    0.138188  -17.281033  -16.077309  -10.918816   -9.087531   -7.786791   -7.125874   -7.117511   -5.979023   -5.578648   -4.626297   -2.306329   -1.281289   -0.713964   -0.351885   -0.245812    0.960441    2.313061    3.220999    4.445850    4.697765    5.194622    5.434817    6.344697    8.984172   10.515319   11.086473   11.451292   11.919353   12.264200   13.191264   13.199649   14.478067   14.788006   15.506600   15.770837   16.756197
    0.172735  -17.263346  -16.080166  -10.967108   -9.206686   -7.741713   -7.100314   -7.066535   -5.971443   -5.493348   -4.661238   -2.258681   -1.248963   -0.829388   -0.466137   -0.237292    0.803429    2.338285    3.351164    4.414829    4.772541    5.400052    5.457948    6.618089    8.663495   10.470357   11.113277   11.206149   11.987540   12.312403   13.171637   13.187407   14.527382   14.746233   15.524274   15.779807   16.760529
    0.207282  -17.241522  -16.084291  -11.021292   -9.337637   -7.693825   -7.069355   -7.007356   -5.963114   -5.396367   -4.702340   -2.202327   -1.217176   -0.962083   -0.590637   -0.225692    0.633801    2.377391    3.500133    4.378482    4.854330    5.476366    5.631278    6.931769    8.338593   10.406226   10.936193   11.144925   12.032700   12.381364   13.122954   13.172346   14.581408   14.685157   15.556465   15.783471   16.769665
    0.241829  -17.215572  -16.090019  -11.079051   -9.476764   -7.643630   -7.033189   -6.941554   -5.954605   -5.290889   -4.748598   -2.138004   -1.190095   -1.107219   -0.720128   -0.212466    0.457223    2.434220    3.663245    4.338331    4.943151    5.484015    5.880722    7.276244    8.027536   10.321753   10.651007   11.180674   12.051861   12.472298   13.048285   13.141731   14.611007   14.637569   15.599521   15.780206   16.784445
    0.276376  -17.185492  -16.097769  -11.138008   -9.621189   -7.591047   -6.992049   -6.870774   -5.946552   -5.180058   -4.798804   -2.066398   -1.260325   -1.171928   -0.850110   -0.199125    0.277861    2.511997    3.834750    4.296735    5.039500    5.474651    6.141376    7.642912    7.747659   10.218009   10.358865   11.218188   12.045261   12.583791   12.943168   13.091965   14.530842   14.693883   15.648746   15.769681   16.804871
    0.310923  -17.151325  -16.107948  -11.195908   -9.768588   -7.535789   -6.946187   -6.796900   -5.939712   -5.066976   -4.851449   -1.988123   -1.417212   -1.166391   -0.976784   -0.187229    0.098765    2.612395    4.006203    4.257280    5.143931    5.444795    6.406662    7.514849    8.024282   10.066716   10.098207   11.252038   12.017219   12.711705   12.805099   13.020617   14.449786   14.749435   15.699988   15.752892   16.829628
    0.345470  -17.113169  -16.120993  -11.250598   -9.916953   -7.477551   -6.895943   -6.722077   -5.934885   -4.954810   -4.904613   -1.903750   -1.573828   -1.176197   -1.096966   -0.178417   -0.077803    2.734309    4.163095    4.225479    5.256881    5.400548    6.670037    7.340392    8.413877    9.780101    9.967494   11.270582   11.978803   12.633986   12.849385   12.926669   14.369933   14.804856   15.731996   15.749904   16.856306
    0.380017  -17.071173  -16.137358  -11.300027  -10.064618   -7.415988   -6.841682   -6.648868   -5.932945   -4.955825   -4.846881   -1.813998   -1.726001   -1.207967   -1.202602   -0.250112   -0.174396    2.872249    4.209942    4.279656    5.366807    5.378602    6.924278    7.227033    8.805966    9.503235    9.832986   11.253179   11.951004   12.432105   12.810604   12.987600   14.290727   14.862911   15.709824   15.795845   16.881413
    0.414564  -17.025560  -16.157419  -11.342420  -10.210042   -7.350926   -6.783864   -6.580423   -5.934736   -5.001959   -4.746884   -1.869286   -1.719971   -1.307507   -1.245067   -0.416751   -0.176931    3.014580    4.223984    4.321107    5.385594    5.509173    7.160439    7.168217    9.195263    9.239063    9.704355   11.176914   11.958325   12.203310   12.674315   13.114769   14.210035   14.928804   15.689424   15.835637   16.900818
    0.449111  -16.976652  -16.181520  -11.376176  -10.351936   -7.282284   -6.722982   -6.520499   -5.941115   -5.039184   -4.658921   -1.998798   -1.624487   -1.393670   -1.300210   -0.576511   -0.187804    3.143237    4.273195    4.285883    5.482327    5.648520    7.152053    7.366367    8.989379    9.576380    9.594942   11.035897   11.952341   12.010111   12.521195   13.217617   14.125125   15.009569   15.673570   15.867568   16.910212
    0.483658  -16.924799  -16.209894  -11.399943  -10.489011   -7.210165   -6.659611   -6.473435   -5.952829   -5.063136   -4.587513   -2.109267   -1.540016   -1.464861   -1.354124   -0.728295   -0.208685    3.239844    4.161864    4.412871    5.640938    5.796389    7.165944    7.525816    8.755043    9.522411    9.942985   10.843847   11.684383   12.098681   12.356568   13.283293   14.033519   15.112355   15.664368   15.890306   16.905458
    0.518205  -16.870420  -16.242704  -11.412609  -10.620142   -7.134787   -6.594410   -6.443480   -5.970501   -5.069593   -4.537213   -2.195374   -1.528423   -1.519813   -1.343131   -0.871050   -0.241015    3.297961    4.022981    4.608981    5.830983    5.952361    7.198799    7.620794    8.536162    9.506192   10.285732   10.620864   11.405029   12.189342   12.213279   13.302519   13.933277   15.241158   15.663056   15.903027   16.882963
    0.552752  -16.814085  -16.279932  -11.413336  -10.744251   -7.056634   -6.528101   -6.433744   -5.994570   -5.055547   -4.511864   -2.252535   -1.601691   -1.557597   -1.253170   -1.003744   -0.285862    3.326102    3.880856    4.861877    6.027881    6.115831    7.241055    7.640276    8.332295    9.558661   10.388471   10.587239   11.120486   12.036831   12.346087   13.271774   13.823080   15.394803   15.670072   15.905514   16.839903
    0.587299  -16.756290  -16.321466  -11.401558  -10.860305   -6.976324   -6.461493   -6.445283   -6.025256   -5.020301   -4.513447   -2.277980   -1.698210   -1.577619   -1.143861   -1.125336   -0.343731    3.338108    3.749029    5.152195    6.210943    6.285954    7.284493    7.588759    8.142714    9.676359   10.170993   10.810357   10.838076   11.936316   12.491688   13.192934   13.702375   15.567376   15.685002   15.898155   16.774387
    0.621846  -16.697693  -16.367075  -11.376925  -10.967359   -6.894776   -6.476728   -6.395438   -6.062517   -4.965944   -4.541229   -2.271678   -1.801568   -1.579622   -1.234771   -1.029670   -0.414479    3.345673    3.634517    5.460264    6.356780    6.461603    7.324601    7.482974    7.966724    9.843187    9.996417   10.566876   10.895061   11.948023   12.645908   13.070963   13.571259   15.706933   15.750650   15.881982   16.685514
    0.656393  -16.638952  -16.416342  -11.339322  -11.064511   -6.813173   -6.524936   -6.330853   -6.106077   -4.896746   -4.591633   -2.236333   -1.905732   -1.563683   -1.330996   -0.914752   -0.497300    3.357154    3.540417    5.766053    6.433901    6.641238    7.341349    7.367440    7.804227    9.892670   10.040605   10.318565   10.827026   12.086544   12.805140   12.912055   13.430447   15.734330   15.858525   15.936268   16.573498
    0.690940  -16.580750  -16.468775  -11.288910  -11.150959   -6.733101   -6.586118   -6.268702   -6.155446   -4.818314   -4.659063   -2.176641   -2.006104   -1.530158   -1.412956   -0.801730   -0.590766    3.378500    3.467312    6.046329    6.408789    6.822744    7.178169    7.431584    7.656833    9.878415   10.108334   10.252982   10.666948   12.291638   12.723002   12.966097   13.281316   15.765390   15.829784   16.116810   16.439587
    0.725488  -16.523800  -16.523800  -11.225962  -11.225952   -6.656552   -6.656548   -6.209934   -6.209933   -4.736891   -4.736877   -2.098081   -2.098073   -1.479655   -1.479654   -0.692972   -0.692962    3.414115    3.414117    6.271856    6.271858    7.003154    7.003160    7.529611    7.529613    9.954950    9.954954   10.466881   10.466886   12.512002   12.512014   13.125737   13.125747   15.797953   15.797962   16.286165   16.286173
    0.725488  -16.523800  -16.523800  -11.225962  -11.225952   -6.656552   -6.656548   -6.209934   -6.209933   -4.736891   -4.736877   -2.098081   -2.098073   -1.479655   -1.479654   -0.692972   -0.692962    3.414115    3.414117    6.271856    6.271858    7.003154    7.003160    7.529611    7.529613    9.954950    9.954954   10.466881   10.466886   12.512002   12.512014   13.125737   13.125747   15.797953   15.797962   16.286165   16.286173
    0.762185  -16.522045  -16.522041  -11.222836  -11.222830   -6.662949   -6.662942   -6.232748   -6.232748   -4.731262   -4.731258   -2.102962   -2.102955   -1.464045   -1.464043   -0.679341   -0.679332    3.403837    3.403843    6.244298    6.244300    7.030621    7.030622    7.521174    7.521176    9.943753    9.943757   10.512706   10.512712   12.495442   12.495452   13.135136   13.135153   15.773530   15.773549   16.287964   16.287971
    0.798882  -16.516819  -16.516809  -11.213488  -11.213484   -6.685828   -6.685825   -6.292393   -6.292390   -4.719915   -4.719911   -2.112859   -2.112850   -1.420475   -1.420473   -0.639824   -0.639812    3.372645    3.372651    6.171982    6.171985    7.103237    7.103240    7.499704    7.499708    9.925261    9.925268   10.631305   10.631308   12.449956   12.449967   13.156809   13.156818   15.706909   15.706915   16.290512   16.290531
    0.835580  -16.508165  -16.508163  -11.198027  -11.198021   -6.736883   -6.736870   -6.365088   -6.365086   -4.715621   -4.715614   -2.117514   -2.117509   -1.355654   -1.355652   -0.578271   -0.578257    3.319569    3.319573    6.074274    6.074277    7.202941    7.202945    7.475457    7.475459    9.920485    9.920493   10.791849   10.791852   12.383868   12.383873   13.176203   13.176212   15.612288   15.612295   16.289974   16.289982
    0.872277  -16.496239  -16.496227  -11.176640  -11.176633   -6.830059   -6.830053   -6.423635   -6.423632   -4.730960   -4.730957   -2.107829   -2.107826   -1.275350   -1.275344   -0.500194   -0.500182    3.243553    3.243557    5.967031    5.967036    7.312602    7.312604    7.464413    7.464416    9.938503    9.938511   10.972701   10.972702   12.303601   12.303617   13.179130   13.179133   15.502774   15.502793   16.287374   16.287382
    0.908975  -16.481218  -16.481205  -11.149561  -11.149561   -6.963974   -6.963970   -6.458416   -6.458411   -4.773419   -4.773412   -2.079269   -2.079266   -1.183399   -1.183391   -0.411690   -0.411678    3.144165    3.144168    5.861375    5.861381    7.396813    7.396816    7.504655    7.504658    9.980606    9.980610   11.160172   11.160176   12.212471   12.212474   13.157344   13.157354   15.385468   15.385474   16.288980   16.288986
    0.945673  -16.463346  -16.463318  -11.117199  -11.117195   -7.122985   -7.122981   -6.477189   -6.477184   -4.844079   -4.844075   -2.031953   -2.031949   -1.082916   -1.082912   -0.318487   -0.318473    3.022332    3.022334    5.764918    5.764922    7.436750    7.436752    7.617390    7.617394   10.044838   10.044847   11.344796   11.344802   12.112312   12.112316   13.111547   13.111566   15.260033   15.260036   16.303219   16.303236
    0.982370  -16.442909  -16.442898  -11.079983  -11.079982   -7.292662   -7.292658   -6.489200   -6.489195   -4.938894   -4.938885   -1.968908   -1.968903   -0.977512   -0.977507   -0.225291   -0.225278    2.880771    2.880773    5.682334    5.682339    7.483243    7.483245    7.752051    7.752056   10.127921   10.127929   11.516958   11.516964   12.007582   12.007584   13.051439   13.051444   15.121569   15.121575   16.336222   16.336222
    1.019068  -16.420277  -16.420267  -11.038561  -11.038551   -7.463615   -7.463615   -6.500965   -6.500962   -5.050643   -5.050638   -1.894051   -1.894042   -0.871852   -0.871842   -0.135481   -0.135468    2.723897    2.723901    5.615725    5.615729    7.550596    7.550600    7.892151    7.892158   10.225697   10.225700   11.651525   11.651537   11.920447   11.920450   12.992463   12.992467   14.966111   14.966121   16.388498   16.388502
    1.055765  -16.395882  -16.395874  -10.993669  -10.993662   -7.629732   -7.629729   -6.517630   -6.517626   -5.170599   -5.170591   -1.810827   -1.810825   -0.771559   -0.771553   -0.051082   -0.051070    2.557275    2.557276    5.565209    5.565213    7.639156    7.639156    8.032964    8.032967   10.333030   10.333040   11.662881   11.662891   11.934302   11.934304   12.951923   12.951927   14.794786   14.794790   16.455254   16.455261
    1.092462  -16.370190  -16.370173  -10.946234  -10.946231   -7.786698   -7.786695   -6.544117   -6.544113   -5.289527   -5.289525   -1.721782   -1.721781   -0.682598   -0.682593    0.027037    0.027050    2.386878    2.386884    5.529673    5.529676    7.746166    7.746169    8.171285    8.171285   10.443538   10.443547   11.575337   11.575346   12.021328   12.021337   12.945739   12.945742   14.615479   14.615480   16.529158   16.529182
    1.129160  -16.343723  -16.343723  -10.897375  -10.897367   -7.931246   -7.931240   -6.585225   -6.585216   -5.398526   -5.398521   -1.628607   -1.628605   -0.610298   -0.610295    0.098652    0.098663    2.218484    2.218485    5.507324    5.507329    7.867838    7.867840    8.304195    8.304198   10.549146   10.549153   11.482076   11.482090   12.085952   12.085956   12.980365   12.980374   14.444808   14.444815   16.603176   16.603188
    1.165857  -16.317078  -16.317074  -10.848321  -10.848314   -8.060776   -8.060772   -6.644741   -6.644736   -5.490207   -5.490202   -1.532504   -1.532500   -0.558297   -0.558295    0.163402    0.163409    2.057278    2.057281    5.496037    5.496039    8.000217    8.000224    8.429262    8.429264   10.639852   10.639861   11.410892   11.410901   12.108367   12.108374   13.036336   13.036345   14.312819   14.312834   16.672070   16.672085
    1.202555  -16.290867  -16.290854  -10.800472  -10.800470   -8.173223   -8.173218   -6.723772   -6.723768   -5.560302   -5.560297   -1.434487   -1.434485   -0.527756   -0.527755    0.220136    0.220146    1.907718    1.907719    5.493488    5.493491    8.139569    8.139574    8.545100    8.545107   10.704871   10.704881   11.372895   11.372905   12.096072   12.096072   13.063505   13.063519   14.264679   14.264698   16.732779   16.732792
    1.239252  -16.265717  -16.265711  -10.755288  -10.755287   -8.267097   -8.267093   -6.819706   -6.819701   -5.608605   -5.608600   -1.335652   -1.335650   -0.517265   -0.517265    0.266825    0.266830    1.773507    1.773510    5.497286    5.497290    8.282248    8.282252    8.652100    8.652105   10.737066   10.737070   11.368092   11.368099   12.063434   12.063439   13.018956   13.018970   14.332735   14.332750   16.784414   16.784433
    1.275950  -16.242260  -16.242252  -10.714146  -10.714142   -8.341613   -8.341608   -6.926678   -6.926668   -5.638275   -5.638274   -1.237362   -1.237358   -0.523462   -0.523460    0.301091    0.301100    1.657605    1.657611    5.505077    5.505083    8.423878    8.423883    8.752969    8.752969   10.736845   10.736850   11.382644   11.382647   12.024758   12.024761   12.912956   12.912975   14.496756   14.496765   16.827665   16.827673
    1.312647  -16.221149  -16.221136  -10.678256  -10.678251   -8.396904   -8.396899   -7.037114   -7.037106   -5.654012   -5.654008   -1.141406   -1.141402   -0.542019   -0.542016    0.321273    0.321280    1.562066    1.562073    5.514715    5.514723    8.557746    8.557751    8.853318    8.853324   10.708259   10.708261   11.395001   11.395011   11.994490   11.994495   12.784360   12.784372   14.707892   14.707905   16.864319   16.864332
    1.349345  -16.202948  -16.202938  -10.648510  -10.648502   -8.434285   -8.434285   -7.143075   -7.143060   -5.660516   -5.660513   -1.050115   -1.050113   -0.568529   -0.568528    0.327505    0.327508    1.487689    1.487692    5.524426    5.524431    8.673757    8.673766    8.961040    8.961040   10.653385   10.653389   11.389830   11.389837   11.984189   11.984192   12.662692   12.662711   14.924475   14.924483   16.896456   16.896461
    1.386042  -16.188183  -16.188179  -10.625377  -10.625372   -8.456442   -8.456439   -7.236771   -7.236765   -5.661708   -5.661704   -0.966523   -0.966520   -0.599183   -0.599181    0.322531    0.322533    1.433732    1.433734    5.532927    5.532933    8.762627    8.762640    9.079817    9.079818   10.574634   10.574637   11.368377   11.368387   11.994428   11.994436   12.562707   12.562726   15.117005   15.117017   16.925186   16.925205
    1.422740  -16.177298  -16.177296  -10.609005  -10.609002   -8.467257   -8.467245   -7.310794   -7.310786   -5.660540   -5.660536   -0.894607   -0.894601   -0.630760   -0.630755    0.311644    0.311645    1.398102    1.398103    5.539385    5.539395    8.822640    8.822650    9.199377    9.199379   10.482659   10.482664   11.343319   11.343324   12.014885   12.014894   12.489784   12.489798   15.265637   15.265650   16.949636   16.949642
    1.459437  -16.170624  -16.170620  -10.599306  -10.599294   -8.471190   -8.471188   -7.358502   -7.358500   -5.659056   -5.659049   -0.840798   -0.840792   -0.658841   -0.658838    0.301380    0.301381    1.378158    1.378160    5.543381    5.543389    8.856959    8.856972    9.294439    9.294442   10.402636   10.402637   11.325384   11.325385   12.033132   12.033145   12.445429   12.445434   15.358488   15.358499   16.966801   16.966805
    1.496135  -16.168394  -16.168388  -10.596087  -10.596084   -8.472019   -8.472013   -7.375022   -7.375008   -5.658435   -5.658430   -0.818731   -0.818723   -0.672015   -0.672008    0.297235    0.297239    1.371780    1.371781    5.544729    5.544738    8.868141    8.868155    9.332030    9.332035   10.369618   10.369621   11.319077   11.319079   12.040290   12.040305   12.430475   12.430486   15.389918   15.389942   16.973057   16.973068
    1.496135  -16.168394  -16.168388  -10.596087  -10.596084   -8.472019   -8.472013   -7.375022   -7.375008   -5.658435   -5.658430   -0.818731   -0.818723   -0.672015   -0.672008    0.297235    0.297239    1.371780    1.371781    5.544729    5.544738    8.868141    8.868155    9.332030    9.332035   10.369618   10.369621   11.319077   11.319079   12.040290   12.040305   12.430475   12.430486   15.389918   15.389942   16.973057   16.973068
    1.530682  -16.169575  -16.169569  -10.601418  -10.601415   -8.465111   -8.465097   -7.364717   -7.364710   -5.658634   -5.658631   -0.836845   -0.836839   -0.669005   -0.669003    0.301649    0.301652    1.378448    1.378449    5.545621    5.545626    8.810949    8.810965    9.355782    9.355796   10.401388   10.401388   11.319264   11.319273   12.031710   12.031713   12.431809   12.431811   15.402040   15.402044   16.932150   16.932171
    1.565229  -16.173094  -16.173086  -10.617109  -10.617094   -8.444387   -8.444379   -7.334293   -7.334293   -5.659038   -5.659034   -0.887053   -0.887047   -0.662893   -0.662891    0.313142    0.313144    1.398649    1.398651    5.548105    5.548115    8.676136    8.676146    9.397889    9.397895   10.486299   10.486301   11.321986   11.321987   12.004500   12.004506   12.437553   12.437561   15.436189   15.436210   16.815716   16.815729
    1.599776  -16.178833  -16.178833  -10.642348  -10.642344   -8.409944   -8.409939   -7.285160   -7.285160   -5.659049   -5.659044   -0.962331   -0.962326   -0.657832   -0.657830    0.327480    0.327482    1.432795    1.432796    5.551702    5.551710    8.511162    8.511171    9.429390    9.429392   10.597365   10.597366   11.332836   11.332840   11.956182   11.956194   12.452141   12.452144   15.484184   15.484188   16.643681   16.643694
    1.634323  -16.186657  -16.186653  -10.675925  -10.675906   -8.361931   -8.361924   -7.219530   -7.219527   -5.657688   -5.657685   -1.056933   -1.056927   -0.656620   -0.656618    0.339971    0.339977    1.481123    1.481124    5.555725    5.555731    8.340901    8.340905    9.445763    9.445765   10.701988   10.701988   11.355396   11.355398   11.888633   11.888649   12.480886   12.480887   15.524489   15.524502   16.455046   16.455067
    1.668870  -16.196377  -16.196365  -10.716315  -10.716308   -8.300664   -8.300664   -7.140262   -7.140258   -5.653521   -5.653518   -1.166361   -1.166357   -0.661719   -0.661714    0.346903    0.346910    1.543365    1.543366    5.559487    5.559489    8.177968    8.177975    9.450207    9.450211   10.776314   10.776315   11.374408   11.374413   11.818140   11.818149   12.529009   12.529012   15.508355   15.508369   16.319315   16.319336
    1.703417  -16.207706  -16.207706  -10.761908  -10.761900   -8.226645   -8.226639   -7.050786   -7.050781   -5.644745   -5.644742   -1.287135   -1.287128   -0.675493   -0.675490    0.345807    0.345813    1.618715    1.618716    5.562516    5.562519    8.029288    8.029296    9.445864    9.445868   10.814671   10.814672   11.340946   11.340947   11.783178   11.783182   12.601224   12.601229   15.385162   15.385166   16.307789   16.307814
    1.737964  -16.220375  -16.220373  -10.811088  -10.811087   -8.140576   -8.140574   -6.954936   -6.954934   -5.629120   -5.629118   -1.416577   -1.416574   -0.699845   -0.699839    0.334885    0.334888    1.705998    1.706007    5.564768    5.564775    7.898595    7.898602    9.434063    9.434067   10.818172   10.818173   11.232690   11.232697   11.797600   11.797601   12.699582   12.699586   15.184685   15.184693   16.408344   16.408348
    1.772511  -16.234070  -16.234066  -10.862307  -10.862303   -8.043428   -8.043426   -6.856846   -6.856840   -5.604122   -5.604117   -1.552593   -1.552586   -0.735804   -0.735800    0.312371    0.312384    1.803959    1.803961    5.566783    5.566789    7.787581    7.787589    9.414006    9.414011   10.763797   10.763798   11.113471   11.113480   11.825262   11.825264   12.820396   12.820403   14.968404   14.968410   16.571735   16.571739
    1.807058  -16.248453  -16.248444  -10.914181  -10.914175   -7.936469   -7.936466   -6.760682   -6.760677   -5.567211   -5.567211   -1.693256   -1.693254   -0.783404   -0.783399    0.276415    0.276425    1.911311    1.911314    5.569692    5.569696    7.696501    7.696503    9.382426    9.382431   10.610796   10.610797   11.065529   11.065537   11.840990   11.840993   12.954298   12.954304   14.770756   14.770759   16.769249   16.769253
    1.841605  -16.263189  -16.263186  -10.965471  -10.965467   -7.821306   -7.821300   -6.670122   -6.670120   -5.516425   -5.516421   -1.836577   -1.836576   -0.841853   -0.841844    0.225319    0.225329    2.026618    2.026623    5.575172    5.575172    7.624472    7.624478    9.333028    9.333038   10.395654   10.395657   11.082008   11.082012   11.838858   11.838859   13.090126   13.090126   14.606103   14.606113   16.986113   16.986120
    1.876152  -16.277945  -16.277939  -11.015121  -11.015115   -7.699984   -7.699978   -6.587631   -6.587627   -5.451156   -5.451154   -1.980102   -1.980101   -0.909996   -0.909993    0.158262    0.158272    2.148051    2.148055    5.585257    5.585259    7.569744    7.569746    9.256188    9.256189   10.174523   10.174530   11.131531   11.131536   11.820381   11.820387   13.218615   13.218619   14.478916   14.478921   17.212799   17.212805
    1.910699  -16.292377  -16.292376  -11.062223  -11.062212   -7.575124   -7.575115   -6.513789   -6.513781   -5.372997   -5.372995   -2.120613   -2.120612   -0.986785   -0.986784    0.075961    0.075973    2.273203    2.273208    5.602120    5.602124    7.529661    7.529663    9.141443    9.141447    9.981001    9.981006   11.200672   11.200679   11.789361   11.789362   13.333949   13.333952   14.388457   14.388464   17.441607   17.441622
    1.945246  -16.306198  -16.306190  -11.106033  -11.106018   -7.450018   -7.450014   -6.447056   -6.447047   -5.286087   -5.286086   -2.253875   -2.253869   -1.071651   -1.071642   -0.018926   -0.018911    2.399055    2.399061    5.627798    5.627802    7.500632    7.500633    8.986613    8.986617    9.830903    9.830906   11.280879   11.280887   11.750920   11.750924   13.433921   13.433930   14.330804   14.330804   17.665710   17.665720
    1.979793  -16.319115  -16.319099  -11.145927  -11.145909   -7.328746   -7.328743   -6.384219   -6.384217   -5.196826   -5.196823   -2.374424   -2.374422   -1.164630   -1.164623   -0.121789   -0.121771    2.522066    2.522069    5.663887    5.663891    7.477898    7.477901    8.805262    8.805265    9.721143    9.721146   11.361896   11.361905   11.712687   11.712694   13.519561   13.519565   14.299670   14.299673   17.878778   17.878801
    2.014340  -16.330833  -16.330826  -11.181414  -11.181382   -7.216055   -7.216041   -6.321385   -6.321383   -5.113126   -5.113120   -2.475772   -2.475765   -1.266147   -1.266135   -0.226428   -0.226420    2.638366    2.638372    5.711168    5.711174    7.455361    7.455363    8.619632    8.619636    9.639192    9.639194   11.427142   11.427145   11.688591   11.688592   13.593942   13.593949   14.287324   14.287330   18.075129   18.075132
    2.048887  -16.341156  -16.341154  -11.212013  -11.212013   -7.116828   -7.116822   -6.255363   -6.255360   -5.043075   -5.043074   -2.551112   -2.551106   -1.376167   -1.376159   -0.325942   -0.325930    2.744098    2.744109    5.769150    5.769155    7.425833    7.425837    8.450248    8.450252    9.574573    9.574575   11.453864   11.453873   11.698892   11.698900   13.660361   13.660367   14.285979   14.285983   18.249683   18.249704
    2.083434  -16.349892  -16.349871  -11.237487  -11.237479   -7.035036   -7.035028   -6.185401   -6.185394   -4.993107   -4.993105   -2.595133   -2.595131   -1.492858   -1.492857   -0.413867   -0.413854    2.835672    2.835677    5.835457    5.835462    7.382963    7.382964    8.312234    8.312239    9.521831    9.521837   11.442094   11.442095   11.741703   11.741711   13.720538   13.720550   14.289203   14.289229   18.398146   18.398159
    2.117981  -16.356838  -16.356831  -11.257529  -11.257520   -6.972733   -6.972728   -6.114816   -6.114812   -4.965557   -4.965554   -2.606855   -2.606852   -1.610781   -1.610780   -0.485309   -0.485292    2.910012    2.910021    5.905030    5.905039    7.325797    7.325799    8.213269    8.213272    9.479264    9.479269   11.415952   11.415955   11.791867   11.791875   13.773727   13.773731   14.292796   14.292804   18.517048   18.517075
    2.152528  -16.361895  -16.361889  -11.271982  -11.271980   -6.929855   -6.929853   -6.051505   -6.051499   -4.956871   -4.956863   -2.592802   -2.592800   -1.718987   -1.718985   -0.537363   -0.537348    2.964739    2.964741    5.969334    5.969340    7.263395    7.263399    8.151851    8.151855    9.447309    9.447310   11.391112   11.391117   11.833459   11.833468   13.816804   13.816806   14.294827   14.294839   18.603802   18.603809
    2.187075  -16.364965  -16.364965  -11.280703  -11.280691   -6.905056   -6.905049   -6.006480   -6.006474   -4.958306   -4.958304   -2.568957   -2.568953   -1.799519   -1.799515   -0.568804   -0.568790    2.998204    2.998212    6.016391    6.016398    7.213500    7.213505    8.120199    8.120201    9.427283    9.427289   11.374315   11.374322   11.860041   11.860060   13.845360   13.845366   14.295341   14.295362   18.656532   18.656567
    2.221622  -16.366001  -16.365992  -11.283612  -11.283609   -6.896980   -6.896979   -5.990022   -5.990015   -4.960217   -4.960216   -2.557138   -2.557137   -1.830210   -1.830208   -0.579292   -0.579278    3.009460    3.009464    6.033933    6.033936    7.194251    7.194260    8.110643    8.110647    9.420446    9.420450   11.368448   11.368450   11.869128   11.869138   13.855428   13.855436   14.295329   14.295341   18.674244   18.674244
    2.221622  -16.366001  -16.365992  -11.283612  -11.283609   -6.896980   -6.896979   -5.990022   -5.990015   -4.960217   -4.960216   -2.557138   -2.557137   -1.830210   -1.830208   -0.579292   -0.579278    3.009460    3.009464    6.033933    6.033936    7.194251    7.194260    8.110643    8.110647    9.420446    9.420450   11.368448   11.368450   11.869128   11.869138   13.855428   13.855436   14.295329   14.295341   18.674244   18.674244
    2.258320  -16.429274  -16.306755  -11.350803  -11.202214   -6.941635   -6.866737   -6.053458   -5.931178   -5.005015   -4.912552   -2.660693   -2.427715   -1.880401   -1.759916   -0.702025   -0.465639    2.971056    3.075153    5.923479    6.073737    7.028896    7.341199    7.842718    8.369959    9.195708    9.711950   11.139590   11.536298   11.838619   11.945153   13.835163   13.879657   14.280773   14.315479   18.432898   18.903744
    2.295017  -16.495609  -16.252491  -11.403102  -11.107481   -6.997923   -6.852783   -6.120943   -5.877820   -5.039714   -4.870758   -2.731564   -2.279020   -1.909190   -1.670676   -0.830563   -0.363935    2.958169    3.168877    5.735792    6.057639    6.802780    7.497322    7.691100    8.371632    9.229088    9.999360   10.909914   11.587883   11.817911   12.107559   13.838144   13.887876   14.265372   14.348712   18.187902   19.112404
    2.331715  -16.563942  -16.203949  -11.440121  -11.000466   -7.062764   -6.855396   -6.192231   -5.830992   -5.059509   -4.843562   -2.763508   -2.117468   -1.915270   -1.563573   -0.961049   -0.276341    2.968443    3.289631    5.473097    6.002267    6.533616    7.655102    7.658950    8.138392    9.448089   10.259678   10.734568   11.558034   11.800221   12.315043   13.865294   13.879136   14.244929   14.399625   17.946430   19.290981
    2.368412  -16.633198  -16.161663  -11.461755  -10.882354   -7.133224   -6.873131   -6.267057   -5.791659   -5.062546   -4.837696   -2.752516   -1.949734   -1.897433   -1.441543   -1.086976   -0.204094    2.999016    3.433462    5.147468    5.920993    6.271008    7.689523    7.694025    7.979775    9.571019   10.479839   10.699836   11.494111   11.789662   12.524043   13.805468   13.965231   14.217543   14.467904   17.713978   19.430180
    2.405110  -16.702381  -16.125990  -11.468297  -10.754432   -7.206728   -6.902981   -6.344862   -5.760476   -5.049574   -4.856116   -2.698585   -1.854621   -1.783063   -1.337214   -1.171487   -0.147409    3.046043    3.591530    4.781622    5.824862    6.035450    7.443207    7.756911    8.108980    9.497999   10.648001   10.834976   11.427430   11.797452   12.720584   13.707636   14.087043   14.190617   14.551457   17.493591   19.521183
    2.441807  -16.770512  -16.096968  -11.460438  -10.618034   -7.281139   -6.941322   -6.424631   -5.737688   -5.023203   -4.897635   -2.606173   -1.785891   -1.624804   -1.391227   -1.069736   -0.105473    3.103028    3.746799    4.403130    5.727837    5.826274    7.170708    7.822514    8.287447    9.308740   10.751831   11.023038   11.389266   11.843508   12.903557   13.573795   14.111136   14.289424   14.649484   17.285549   19.556236
    2.478505  -16.836720  -16.074390  -11.439184  -10.474594   -7.354708   -6.984431   -6.505037   -5.723091   -4.986877   -4.958171   -2.483114   -1.690432   -1.513077   -1.470938   -0.879839   -0.076643    3.154383    3.869783    4.043940    5.638308    5.653376    6.931779    7.871206    8.453699    9.090700   10.791597   11.159284   11.401401   11.946837   13.076780   13.408499   14.055895   14.484520   14.761847   17.087151   19.529192
    2.515202  -16.900215  -16.057917  -11.405975  -10.325623   -7.426039   -7.028994   -6.584661   -5.716109   -5.032578   -4.944067   -2.338700   -1.621377   -1.567752   -1.348623   -0.660177   -0.058607    3.149836    3.765058    3.920106    5.467580    5.632858    6.744786    7.885770    8.529855    8.943358   10.798255   11.219626   11.456424   12.094573   13.219289   13.245088   13.987086   14.699927   14.887200   16.893709   19.435976
    2.551900  -16.960339  -16.046906  -11.362544  -10.172659   -7.494041   -7.072272   -6.662182   -5.715884   -5.115939   -4.897826   -2.181925   -1.730570   -1.418320   -1.238982   -0.419992   -0.048497    2.993294    3.669359    3.868322    5.311801    5.676699    6.632106    7.852706    8.385876    9.003384   10.811726   11.228860   11.535165   12.246649   13.017064   13.412192   13.910881   14.922515   15.021228   16.699852   19.274952
    2.588597  -17.016483  -16.040627  -11.310909  -10.017366   -7.557863   -7.112112   -6.736451   -5.721448   -5.204134   -4.850641   -2.020107   -1.833086   -1.244824   -1.149933   -0.164373   -0.042751    2.725787    3.720125    3.721959    5.169819    5.735920    6.636926    7.765484    8.135115    9.157888   10.854004   11.211977   11.628713   12.367858   12.819180   13.576963   13.835528   15.144254   15.156469   16.501118   19.047054
    2.625295  -17.068291  -16.038284  -11.253248   -9.861626   -7.616834   -7.146974   -6.806514   -5.731867   -5.293784   -4.804398   -1.927871   -1.858049   -1.084348   -1.053814   -0.036608    0.102721    2.444410    3.513995    3.822859    5.041143    5.740210    6.798042    7.626066    7.855116    9.327371   10.928250   11.182825   11.736840   12.408827   12.673504   13.679262   13.827947   15.282652   15.359569   16.295898   18.755932
    2.661992  -17.115337  -16.039042  -11.191924   -9.707378   -7.670516   -7.175804   -6.871621   -5.746450   -5.382036   -4.760510   -2.014418   -1.698057   -1.044914   -0.857585   -0.022969    0.377825    2.184927    3.277724    3.942812    4.925718    5.685356    7.088274    7.443031    7.559338    9.495795   11.027233   11.148881   11.861212   12.302456   12.653294   13.624180   13.989511   15.385928   15.564429   16.088480   18.407890
    2.698690  -17.157415  -16.042053  -11.129289   -9.556827   -7.718548   -7.198089   -6.931181   -5.764948   -5.466142   -4.719952   -2.092452   -1.540686   -1.033191   -0.676141    0.009098    0.657528    1.959629    3.039829    4.066624    4.823806    5.602493    7.227983    7.249014    7.454283    9.658612   11.114748   11.141943   12.000727   12.140970   12.673905   13.544921   14.192153   15.440792   15.755666   15.899141   18.011951
    2.735387  -17.194378  -16.046593  -11.067709   -9.412415   -7.760719   -7.213768   -6.984746   -5.787832   -5.542986   -4.683388   -2.161821   -1.385556   -1.048422   -0.535094    0.071320    0.938040    1.772917    2.823922    4.186000    4.736052    5.511413    6.928222    6.993004    7.855362    9.814109   11.083700   11.266577   11.986411   12.150356   12.679578   13.468563   14.411119   15.390014   15.785166   15.929824   17.580673
    2.772085  -17.226183  -16.051933  -11.009392   -9.276909   -7.796922   -7.223282   -7.031969   -5.816396   -5.608865   -4.651275   -2.222450   -1.231946   -1.086688   -0.448923    0.158160    1.214608    1.624780    2.654944    4.293565    4.663727    5.420560    6.598394    6.749833    8.267834    9.961763   11.058145   11.398485   11.852617   12.303650   12.660830   13.400744   14.638350   15.222479   15.763223   16.079031   17.133636
    2.808782  -17.252855  -16.057449  -10.956347   -9.153383   -7.827134   -7.227440   -7.072611   -5.851641   -5.660324   -4.623867   -2.274256   -1.141012   -1.079129   -0.406553    0.233516    1.475058    1.518019    2.559613    4.381130    4.609490    5.331883    6.267457    6.510252    8.669411   10.101756   11.039556   11.534854   11.744763   12.456934   12.615765   13.344455   14.862531   15.015243   15.766805   16.164726   16.723530
    2.845479  -17.274429  -16.062653  -10.910437   -9.045218   -7.851409   -7.227424   -7.106533   -5.891800   -5.696627   -4.601341   -2.317141   -1.202442   -0.926868   -0.387577    0.256203    1.426312    1.732416    2.557352    4.438562    4.578397    5.240969    5.950799    6.286947    9.037458   10.234543   11.028395   11.666716   11.669210   12.544713   12.612098   13.301154   14.812270   15.067679   15.766697   16.000708   16.553751
    2.882177  -17.291054  -16.067110  -10.873125   -8.955973   -7.869907   -7.224567   -7.133683   -5.931544   -5.720421   -4.583756   -2.350923   -1.261625   -0.776751   -0.376451    0.210332    1.367736    1.952045    2.643358    4.461911    4.570483    5.133076    5.678648    6.093924    9.347572   10.358914   11.024108   11.622785   11.790134   12.450820   12.774641   13.270436   14.634233   15.228058   15.632774   15.759571   16.606953
    2.918875  -17.302820  -16.070517  -10.845618   -8.889126   -7.882841   -7.220329   -7.154003   -5.964734   -5.735180   -4.571199   -2.375364   -1.310272   -0.636879   -0.358902    0.108785    1.328886    2.128224    2.781512    4.471202    4.564861    4.990796    5.493093    5.945391    9.577620   10.467487   11.025274   11.615856   11.884477   12.343765   12.944097   13.249791   14.495614   15.172717   15.443670   15.749103   16.683178
    2.955572  -17.309828  -16.072639  -10.828776   -8.847639   -7.890453   -7.216294   -7.167109   -5.986582   -5.743243   -4.563648   -2.390172   -1.342056   -0.534862   -0.309897   -0.020682    1.306770    2.243953    2.912165    4.486237    4.546194    4.846779    5.402013    5.852599    9.715627   10.543845   11.029050   11.637435   11.943054   12.247062   13.097072   13.233304   14.407441   14.917669   15.496022   15.740189   16.737896
    2.992270  -17.312172  -16.073372  -10.823110   -8.833571   -7.892962   -7.214519   -7.171821   -5.994196   -5.745816   -4.561137   -2.395144   -1.353092   -0.502052   -0.245215   -0.113037    1.299597    2.284541    2.967275    4.503021    4.526712    4.784203    5.376266    5.821231    9.761039   10.571336   11.031117   11.653922   11.962683   12.204620   13.176576   13.213828   14.377185   14.810381   15.520209   15.736735   16.757505

G    0.000000
X    0.725488
S    1.496135
Y    2.221622
G    2.992270
