
Distance (angstroms) and H (eV)

 24 ! number of unique distances/interaction
 36 ! number of atomic orbitals in syste

   Distance       Hss         Hsp         Hps       HppSig       HppPi     Species  Zetas
------------------------------------------------------------------------------------------
    2.610202   -2.406415   -3.268729    5.597775    3.542794   -1.430512     1 2     1 1
    2.743927   -1.880665   -2.683166    4.830462    3.260904   -1.150088     1 2     1 1
    3.269493   -0.626460   -1.176359    2.445745    2.128864   -0.511906     1 2     1 1
    3.710284   -0.057776   -0.272493    0.272492    0.681372   -0.082481     2 2     1 1
    4.076564   -0.251653   -1.030637    1.030637    1.942061   -0.424838     1 1     1 1
    4.076564   -0.014052   -0.099757    0.099757    0.344107   -0.036442     2 2     1 1
    4.188811   -0.206727   -0.948446    0.948446    2.016901   -0.395460     1 1     1 1
    4.330320   -0.135961   -0.676062    0.676062    1.490890   -0.291042     1 1     1 1
    4.330320   -0.002576   -0.042647    0.042647    0.192102   -0.018327     2 2     1 1
    4.733326   -0.006798   -0.053571    0.145080    0.362213   -0.041174     1 2     1 1
    4.840612   -0.003666   -0.039208    0.113195    0.293947   -0.027601     1 2     1 1
    5.359596    0.000000   -0.004485    0.022831    0.106458   -0.008226     1 2     1 1
    5.947272   -0.000061   -0.019365    0.019365    0.214871   -0.013872     1 1     1 1
    5.947272    0.000206    0.002496   -0.002496   -0.010061   -0.000855     2 2     1 1
    6.246819   -0.000000   -0.000000   -0.000137    0.006266    0.000391     1 2     1 1
    6.384817    0.000002    0.000022    0.000669    0.003453   -0.000270     1 2     1 1
    6.470860   -0.000000   -0.000000    0.000211    0.001377    0.000226     1 2     1 1
    6.627694   -0.000000    0.000000    0.000030    0.000766   -0.000052     1 2     1 1
    6.733769   -0.000000   -0.000000   -0.000015    0.000013    0.000151     1 2     1 1
    7.126211   -0.000000   -0.000002    0.000002    0.006916   -0.000112     1 1     1 1
    7.166126   -0.000000   -0.000000    0.000002   -0.000296   -0.000042     1 2     1 1
    7.419533   -0.000000   -0.000000    0.000000    0.001114    0.000019     1 1     1 1
    8.153129    0.000000    0.000008   -0.000008   -0.003525   -0.000065     1 1     1 1
    8.660640    0.000000   -0.000000    0.000000   -0.001076   -0.000007     1 1     1 1

   Distance       Hsd         Hds       HpdSig       HpdPi      HdpSig       HdpPi      HddSig       HddPi      HddDelt    Species  Zetas
------------------------------------------------------------------------------------------------------------------------------------------
    2.610202   -2.210365   -6.293066    1.088285   -1.133531   -1.618346    2.352145    0.626635    0.304745   -0.377031     1 2     1 1
    2.743927   -1.844983   -5.770992    1.040387   -0.938518   -1.951854    1.992052    0.504710    0.390298   -0.366405     1 2     1 1
    3.269493   -0.979894   -3.411238    0.687625   -0.482674   -1.922619    1.107359    0.295661    0.533736   -0.230169     1 2     1 1
    3.710284   -0.384646   -0.384646    0.758490   -0.201037   -0.758491    0.201036   -0.685255    0.441029   -0.040885     2 2     1 1
    4.076564   -1.379958   -1.379958    1.605065   -0.808021   -1.605064    0.808021   -0.363004    1.197831   -0.269849     1 1     1 1
    4.076564   -0.151462   -0.151462    0.428177   -0.088432   -0.428177    0.088432   -0.489195    0.206477   -0.016267     2 2     1 1
    4.188811   -1.313142   -1.313142    1.806862   -0.837203   -1.806857    0.837204   -0.991014    1.375074   -0.156689     1 1     1 1
    4.330320   -0.959659   -0.959659    1.360362   -0.597955   -1.360362    0.597955   -0.542913    1.034432   -0.188937     1 1     1 1
    4.330320   -0.069118   -0.069118    0.261209   -0.046419   -0.261209    0.046419   -0.338904    0.115506   -0.008824     2 2     1 1
    4.733326   -0.080848   -0.254575    0.345772   -0.081171   -0.547501    0.120406   -0.484104    0.236053   -0.023119     1 2     1 1
    4.840612   -0.060971   -0.212988    0.282219   -0.064152   -0.485248    0.087335   -0.436861    0.197293   -0.017926     1 2     1 1
    5.359596   -0.007937   -0.046863    0.133276   -0.021454   -0.190111    0.026188   -0.229488    0.062156   -0.004505     1 2     1 1
    5.947272   -0.034815   -0.034815    0.354636   -0.041174   -0.354636    0.041174   -0.583861    0.120959   -0.006261     1 1     1 1
    5.947272    0.008160    0.008160   -0.012773   -0.002621    0.012773    0.002621    0.009219    0.004994    0.001622     2 2     1 1
    6.246819   -0.000002   -0.001283    0.013773    0.001071   -0.013321   -0.001719   -0.026927   -0.000516   -0.000784     1 2     1 1
    6.384817    0.000047   -0.000161    0.003080    0.004283   -0.001735   -0.002239   -0.011034   -0.005594    0.001292     1 2     1 1
    6.470860   -0.000000   -0.000101    0.001892    0.001973   -0.001196   -0.001322   -0.006008   -0.002514    0.000182     1 2     1 1
    6.627694    0.000000   -0.000027    0.000806    0.000586   -0.001095   -0.000170   -0.002338   -0.000844    0.000230     1 2     1 1
    6.733769   -0.000000   -0.000031    0.000433    0.000516   -0.000514   -0.000822   -0.001637   -0.000905   -0.000151     1 2     1 1
    7.126211   -0.000003   -0.000003    0.013347   -0.000363   -0.013347    0.000363   -0.026277    0.001546    0.000031     1 1     1 1
    7.166126   -0.000000    0.000016   -0.000928    0.000636    0.001327   -0.000297    0.001190   -0.001024    0.000095     1 2     1 1
    7.419533   -0.000000   -0.000000    0.002182    0.000045   -0.002182   -0.000045   -0.004461   -0.000138    0.000051     1 1     1 1
    8.153129    0.000016    0.000016   -0.006846   -0.000222    0.006846    0.000222    0.013294    0.000765    0.000002     1 1     1 1
    8.660640   -0.000000   -0.000000   -0.002159   -0.000024    0.002159    0.000024    0.004334    0.000085    0.000000     1 1     1 1

   Distance       Sss         Ssp         Sps       SppSig       SppPi     Species  Zetas
------------------------------------------------------------------------------------------
    2.610202    0.096648    0.195780   -0.282261   -0.319277    0.115684     1 2     1 1
    2.743927    0.074226    0.163375   -0.241440   -0.298575    0.094976     1 2     1 1
    3.269493    0.021477    0.066880   -0.115437   -0.197330    0.039634     1 2     1 1
    3.710284    0.000643    0.006396   -0.006396   -0.029268    0.002660     2 2     1 1
    4.076564    0.008148    0.056308   -0.056308   -0.176019    0.027908     1 1     1 1
    4.076564    0.000059    0.001525   -0.001525   -0.010712    0.000738     2 2     1 1
    4.188811    0.005841    0.045619   -0.045619   -0.153900    0.022743     1 1     1 1
    4.330320    0.003736    0.034428   -0.034428   -0.128283    0.017396     1 1     1 1
    4.330320    0.000004    0.000431   -0.000431   -0.004721    0.000262     2 2     1 1
    4.733326    0.000029    0.000883   -0.003407   -0.015877    0.001134     1 2     1 1
    4.840612    0.000010    0.000532   -0.002309   -0.012089    0.000801     1 2     1 1
    5.359596    0.000000    0.000013   -0.000205   -0.002517    0.000110     1 2     1 1
    5.947272    0.000000    0.000176   -0.000176   -0.005577    0.000284     1 1     1 1
    5.947272    0.000000    0.000000    0.000000    0.000000    0.000000     2 2     1 1
    6.246819    0.000000    0.000000    0.000000   -0.000015    0.000000     1 2     1 1
    6.384817    0.000000    0.000000    0.000000   -0.000003    0.000000     1 2     1 1
    6.470860    0.000000    0.000000    0.000000   -0.000001    0.000000     1 2     1 1
    6.627694    0.000000    0.000000    0.000000   -0.000000    0.000000     1 2     1 1
    6.733769    0.000000    0.000000    0.000000   -0.000000    0.000000     1 2     1 1
    7.126211    0.000000    0.000000    0.000000   -0.000025    0.000000     1 1     1 1
    7.166126    0.000000    0.000000    0.000000    0.000000    0.000000     1 2     1 1
    7.419533    0.000000    0.000000    0.000000   -0.000001    0.000000     1 1     1 1
    8.153129    0.000000    0.000000    0.000000    0.000000    0.000000     1 1     1 1
    8.660640    0.000000    0.000000    0.000000    0.000000    0.000000     1 1     1 1

   Distance       Ssd         Sds       SpdSig       SpdPi      SdpSig       SdpPi      SddSig       SddPi      SddDelt    Species  Zetas
------------------------------------------------------------------------------------------------------------------------------------------
    2.610202    0.179747    0.369397   -0.176053    0.156895    0.277293   -0.251755    0.094788   -0.273289    0.090828     1 2     1 1
    2.743927    0.159801    0.329959   -0.177737    0.134279    0.288241   -0.215547    0.121856   -0.260991    0.068512     1 2     1 1
    3.269493    0.080560    0.181286   -0.149624    0.066162    0.254061   -0.102959    0.165067   -0.159316    0.027339     1 2     1 1
    3.710284    0.010266    0.010266   -0.041167    0.006902    0.041167   -0.006902    0.057507   -0.018283    0.001033     2 2     1 1
    4.076564    0.089149    0.089149   -0.212061    0.067171    0.212061   -0.067171    0.233418   -0.152589    0.022006     1 1     1 1
    4.076564    0.002582    0.002582   -0.016326    0.002036    0.016326   -0.002036    0.024894   -0.005602    0.000336     2 2     1 1
    4.188811    0.073745    0.073745   -0.191836    0.055999    0.191836   -0.055999    0.214142   -0.129240    0.012685     1 1     1 1
    4.330320    0.057008    0.057008   -0.166483    0.044029    0.166483   -0.044029    0.203616   -0.107078    0.013156     1 1     1 1
    4.330320    0.000754    0.000754   -0.007550    0.000750    0.007550   -0.000750    0.012096   -0.002145    0.000102     2 2     1 1
    4.733326    0.001484    0.006510   -0.021513    0.002869    0.028277   -0.003615    0.038236   -0.009103    0.000570     1 2     1 1
    4.840612    0.000908    0.004451   -0.016881    0.002071    0.021809   -0.002578    0.030523   -0.006736    0.000261     1 2     1 1
    5.359596    0.000024    0.000411   -0.003974    0.000311    0.004799   -0.000369    0.007590   -0.001046    0.000039     1 2     1 1
    5.947272    0.000349    0.000349   -0.009978    0.000910    0.009978   -0.000910    0.017866   -0.002911    0.000127     1 1     1 1
    5.947272    0.000000    0.000000    0.000000    0.000000    0.000000    0.000000    0.000000    0.000000    0.000000     2 2     1 1
    6.246819    0.000000    0.000000   -0.000026    0.000001    0.000030   -0.000001    0.000054   -0.000002    0.000000     1 2     1 1
    6.384817    0.000000    0.000000   -0.000005    0.000000    0.000005   -0.000000    0.000010   -0.000000    0.000000     1 2     1 1
    6.470860    0.000000    0.000000   -0.000001    0.000000    0.000001   -0.000000    0.000002   -0.000000    0.000000     1 2     1 1
    6.627694    0.000000    0.000000   -0.000000    0.000000    0.000000   -0.000000    0.000000   -0.000000    0.000000     1 2     1 1
    6.733769    0.000000    0.000000   -0.000000    0.000000    0.000000   -0.000000    0.000000   -0.000000    0.000000     1 2     1 1
    7.126211    0.000000    0.000000   -0.000051    0.000001    0.000051   -0.000001    0.000102   -0.000004    0.000000     1 1     1 1
    7.166126    0.000000    0.000000    0.000000    0.000000    0.000000    0.000000    0.000000    0.000000    0.000000     1 2     1 1
    7.419533    0.000000    0.000000   -0.000002    0.000000    0.000002   -0.000000    0.000003   -0.000000    0.000000     1 1     1 1
    8.153129    0.000000    0.000000    0.000000    0.000000    0.000000    0.000000    0.000000    0.000000    0.000000     1 1     1 1
    8.660640    0.000000    0.000000    0.000000    0.000000    0.000000    0.000000    0.000000    0.000000    0.000000     1 1     1 1

Onsite hamiltonian matrix
  -10.760045    0.000000    0.855713    0.423013   -0.000000   -0.000000   -0.043932    0.063286    0.097423    0.000000    0.000000    0.000000    0.000000    0.000000    0.000000    0.000000    0.000000    0.000000    0.000000    0.000000    0.000000    0.000000    0.000000    0.000000    0.000000    0.000000    0.000000    0.000000    0.000000    0.000000    0.000000    0.000000    0.000000    0.000000    0.000000    0.000000
    0.000000   -5.315655   -0.000000   -0.000000    1.431297    1.024725    0.000000    0.000000   -0.000000    0.000000    0.000000    0.000000    0.000000    0.000000    0.000000    0.000000    0.000000    0.000000    0.000000    0.000000    0.000000    0.000000    0.000000    0.000000    0.000000    0.000000    0.000000    0.000000    0.000000    0.000000    0.000000    0.000000    0.000000    0.000000    0.000000    0.000000
    0.855713   -0.000000   -5.078162    0.077715    0.000000    0.000000    2.059690   -0.163825    0.025437    0.000000    0.000000    0.000000    0.000000    0.000000    0.000000    0.000000    0.000000    0.000000    0.000000    0.000000    0.000000    0.000000    0.000000    0.000000    0.000000    0.000000    0.000000    0.000000    0.000000    0.000000    0.000000    0.000000    0.000000    0.000000    0.000000    0.000000
    0.423013   -0.000000    0.077715   -5.105254    0.000000    0.000000   -0.833742    1.075599   -0.151039    0.000000    0.000000    0.000000    0.000000    0.000000    0.000000    0.000000    0.000000    0.000000    0.000000    0.000000    0.000000    0.000000    0.000000    0.000000    0.000000    0.000000    0.000000    0.000000    0.000000    0.000000    0.000000    0.000000    0.000000    0.000000    0.000000    0.000000
   -0.000000    1.431297    0.000000    0.000000   -0.102790   -0.281306    0.000000    0.000000    0.000000    0.000000    0.000000    0.000000    0.000000    0.000000    0.000000    0.000000    0.000000    0.000000    0.000000    0.000000    0.000000    0.000000    0.000000    0.000000    0.000000    0.000000    0.000000    0.000000    0.000000    0.000000    0.000000    0.000000    0.000000    0.000000    0.000000    0.000000
   -0.000000    1.024725    0.000000    0.000000   -0.281306    3.259250   -0.000000   -0.000000    0.000000    0.000000    0.000000    0.000000    0.000000    0.000000    0.000000    0.000000    0.000000    0.000000    0.000000    0.000000    0.000000    0.000000    0.000000    0.000000    0.000000    0.000000    0.000000    0.000000    0.000000    0.000000    0.000000    0.000000    0.000000    0.000000    0.000000    0.000000
   -0.043932    0.000000    2.059690   -0.833742    0.000000   -0.000000    0.427716    0.597789   -0.208049    0.000000    0.000000    0.000000    0.000000    0.000000    0.000000    0.000000    0.000000    0.000000    0.000000    0.000000    0.000000    0.000000    0.000000    0.000000    0.000000    0.000000    0.000000    0.000000    0.000000    0.000000    0.000000    0.000000    0.000000    0.000000    0.000000    0.000000
    0.063286    0.000000   -0.163825    1.075599    0.000000   -0.000000    0.597789    3.246846    0.118631    0.000000    0.000000    0.000000    0.000000    0.000000    0.000000    0.000000    0.000000    0.000000    0.000000    0.000000    0.000000    0.000000    0.000000    0.000000    0.000000    0.000000    0.000000    0.000000    0.000000    0.000000    0.000000    0.000000    0.000000    0.000000    0.000000    0.000000
    0.097423   -0.000000    0.025437   -0.151039    0.000000    0.000000   -0.208049    0.118631    2.993441    0.000000    0.000000    0.000000    0.000000    0.000000    0.000000    0.000000    0.000000    0.000000    0.000000    0.000000    0.000000    0.000000    0.000000    0.000000    0.000000    0.000000    0.000000    0.000000    0.000000    0.000000    0.000000    0.000000    0.000000    0.000000    0.000000    0.000000
    0.000000    0.000000    0.000000    0.000000    0.000000    0.000000    0.000000    0.000000    0.000000  -10.760045    0.000000   -0.855715    0.423014   -0.000000   -0.000000   -0.043936   -0.063287    0.097423    0.000000    0.000000    0.000000    0.000000    0.000000    0.000000    0.000000    0.000000    0.000000    0.000000    0.000000    0.000000    0.000000    0.000000    0.000000    0.000000    0.000000    0.000000
    0.000000    0.000000    0.000000    0.000000    0.000000    0.000000    0.000000    0.000000    0.000000    0.000000   -5.315655    0.000000   -0.000000    1.431298   -1.024723   -0.000000    0.000000    0.000000    0.000000    0.000000    0.000000    0.000000    0.000000    0.000000    0.000000    0.000000    0.000000    0.000000    0.000000    0.000000    0.000000    0.000000    0.000000    0.000000    0.000000    0.000000
    0.000000    0.000000    0.000000    0.000000    0.000000    0.000000    0.000000    0.000000    0.000000   -0.855715    0.000000   -5.078167   -0.077716   -0.000000    0.000000   -2.059698   -0.163827   -0.025437    0.000000    0.000000    0.000000    0.000000    0.000000    0.000000    0.000000    0.000000    0.000000    0.000000    0.000000    0.000000    0.000000    0.000000    0.000000    0.000000    0.000000    0.000000
    0.000000    0.000000    0.000000    0.000000    0.000000    0.000000    0.000000    0.000000    0.000000    0.423014   -0.000000   -0.077716   -5.105254    0.000000   -0.000000   -0.833743   -1.075597   -0.151039    0.000000    0.000000    0.000000    0.000000    0.000000    0.000000    0.000000    0.000000    0.000000    0.000000    0.000000    0.000000    0.000000    0.000000    0.000000    0.000000    0.000000    0.000000
    0.000000    0.000000    0.000000    0.000000    0.000000    0.000000    0.000000    0.000000    0.000000   -0.000000    1.431298   -0.000000    0.000000   -0.102794    0.281304   -0.000000    0.000000   -0.000000    0.000000    0.000000    0.000000    0.000000    0.000000    0.000000    0.000000    0.000000    0.000000    0.000000    0.000000    0.000000    0.000000    0.000000    0.000000    0.000000    0.000000    0.000000
    0.000000    0.000000    0.000000    0.000000    0.000000    0.000000    0.000000    0.000000    0.000000   -0.000000   -1.024723    0.000000   -0.000000    0.281304    3.259249    0.000000   -0.000000    0.000000    0.000000    0.000000    0.000000    0.000000    0.000000    0.000000    0.000000    0.000000    0.000000    0.000000    0.000000    0.000000    0.000000    0.000000    0.000000    0.000000    0.000000    0.000000
    0.000000    0.000000    0.000000    0.000000    0.000000    0.000000    0.000000    0.000000    0.000000   -0.043936   -0.000000   -2.059698   -0.833743   -0.000000    0.000000    0.427707   -0.597790   -0.208049    0.000000    0.000000    0.000000    0.000000    0.000000    0.000000    0.000000    0.000000    0.000000    0.000000    0.000000    0.000000    0.000000    0.000000    0.000000    0.000000    0.000000    0.000000
    0.000000    0.000000    0.000000    0.000000    0.000000    0.000000    0.000000    0.000000    0.000000   -0.063287    0.000000   -0.163827   -1.075597    0.000000   -0.000000   -0.597790    3.246844   -0.118631    0.000000    0.000000    0.000000    0.000000    0.000000    0.000000    0.000000    0.000000    0.000000    0.000000    0.000000    0.000000    0.000000    0.000000    0.000000    0.000000    0.000000    0.000000
    0.000000    0.000000    0.000000    0.000000    0.000000    0.000000    0.000000    0.000000    0.000000    0.097423    0.000000   -0.025437   -0.151039   -0.000000    0.000000   -0.208049   -0.118631    2.993441    0.000000    0.000000    0.000000    0.000000    0.000000    0.000000    0.000000    0.000000    0.000000    0.000000    0.000000    0.000000    0.000000    0.000000    0.000000    0.000000    0.000000    0.000000
    0.000000    0.000000    0.000000    0.000000    0.000000    0.000000    0.000000    0.000000    0.000000    0.000000    0.000000    0.000000    0.000000    0.000000    0.000000    0.000000    0.000000    0.000000  -15.809554    0.000000    0.389825   -0.282954    0.000000    0.000000   -0.035930   -0.235314    0.044538    0.000000    0.000000    0.000000    0.000000    0.000000    0.000000    0.000000    0.000000    0.000000
    0.000000    0.000000    0.000000    0.000000    0.000000    0.000000    0.000000    0.000000    0.000000    0.000000    0.000000    0.000000    0.000000    0.000000    0.000000    0.000000    0.000000    0.000000    0.000000   -6.413235   -0.000000    0.000000   -0.683239    0.117117    0.000000    0.000000   -0.000000    0.000000    0.000000    0.000000    0.000000    0.000000    0.000000    0.000000    0.000000    0.000000
    0.000000    0.000000    0.000000    0.000000    0.000000    0.000000    0.000000    0.000000    0.000000    0.000000    0.000000    0.000000    0.000000    0.000000    0.000000    0.000000    0.000000    0.000000    0.389825   -0.000000   -6.391957   -0.225733    0.000000    0.000000    1.025521   -0.055052    0.020127    0.000000    0.000000    0.000000    0.000000    0.000000    0.000000    0.000000    0.000000    0.000000
    0.000000    0.000000    0.000000    0.000000    0.000000    0.000000    0.000000    0.000000    0.000000    0.000000    0.000000    0.000000    0.000000    0.000000    0.000000    0.000000    0.000000    0.000000   -0.282954    0.000000   -0.225733   -6.333543    0.000000   -0.000000    0.401085    0.157371   -0.066513    0.000000    0.000000    0.000000    0.000000    0.000000    0.000000    0.000000    0.000000    0.000000
    0.000000    0.000000    0.000000    0.000000    0.000000    0.000000    0.000000    0.000000    0.000000    0.000000    0.000000    0.000000    0.000000    0.000000    0.000000    0.000000    0.000000    0.000000    0.000000   -0.683239    0.000000    0.000000    6.670932   -0.233539    0.000000   -0.000000    0.000000    0.000000    0.000000    0.000000    0.000000    0.000000    0.000000    0.000000    0.000000    0.000000
    0.000000    0.000000    0.000000    0.000000    0.000000    0.000000    0.000000    0.000000    0.000000    0.000000    0.000000    0.000000    0.000000    0.000000    0.000000    0.000000    0.000000    0.000000    0.000000    0.117117    0.000000   -0.000000   -0.233539    7.455030    0.000000   -0.000000    0.000000    0.000000    0.000000    0.000000    0.000000    0.000000    0.000000    0.000000    0.000000    0.000000
    0.000000    0.000000    0.000000    0.000000    0.000000    0.000000    0.000000    0.000000    0.000000    0.000000    0.000000    0.000000    0.000000    0.000000    0.000000    0.000000    0.000000    0.000000   -0.035930    0.000000    1.025521    0.401085    0.000000    0.000000    6.767107   -0.171056   -0.053454    0.000000    0.000000    0.000000    0.000000    0.000000    0.000000    0.000000    0.000000    0.000000
    0.000000    0.000000    0.000000    0.000000    0.000000    0.000000    0.000000    0.000000    0.000000    0.000000    0.000000    0.000000    0.000000    0.000000    0.000000    0.000000    0.000000    0.000000   -0.235314    0.000000   -0.055052    0.157371   -0.000000   -0.000000   -0.171056    7.478701   -0.119448    0.000000    0.000000    0.000000    0.000000    0.000000    0.000000    0.000000    0.000000    0.000000
    0.000000    0.000000    0.000000    0.000000    0.000000    0.000000    0.000000    0.000000    0.000000    0.000000    0.000000    0.000000    0.000000    0.000000    0.000000    0.000000    0.000000    0.000000    0.044538   -0.000000    0.020127   -0.066513    0.000000    0.000000   -0.053454   -0.119448    7.508891    0.000000    0.000000    0.000000    0.000000    0.000000    0.000000    0.000000    0.000000    0.000000
    0.000000    0.000000    0.000000    0.000000    0.000000    0.000000    0.000000    0.000000    0.000000    0.000000    0.000000    0.000000    0.000000    0.000000    0.000000    0.000000    0.000000    0.000000    0.000000    0.000000    0.000000    0.000000    0.000000    0.000000    0.000000    0.000000    0.000000  -15.809554    0.000000   -0.389815   -0.282954   -0.000000    0.000000   -0.035926    0.235313    0.044538
    0.000000    0.000000    0.000000    0.000000    0.000000    0.000000    0.000000    0.000000    0.000000    0.000000    0.000000    0.000000    0.000000    0.000000    0.000000    0.000000    0.000000    0.000000    0.000000    0.000000    0.000000    0.000000    0.000000    0.000000    0.000000    0.000000    0.000000    0.000000   -6.413234    0.000000   -0.000000   -0.683240   -0.117118   -0.000000    0.000000   -0.000000
    0.000000    0.000000    0.000000    0.000000    0.000000    0.000000    0.000000    0.000000    0.000000    0.000000    0.000000    0.000000    0.000000    0.000000    0.000000    0.000000    0.000000    0.000000    0.000000    0.000000    0.000000    0.000000    0.000000    0.000000    0.000000    0.000000    0.000000   -0.389815    0.000000   -6.391951    0.225731   -0.000000    0.000000   -1.025519   -0.055053   -0.020127
    0.000000    0.000000    0.000000    0.000000    0.000000    0.000000    0.000000    0.000000    0.000000    0.000000    0.000000    0.000000    0.000000    0.000000    0.000000    0.000000    0.000000    0.000000    0.000000    0.000000    0.000000    0.000000    0.000000    0.000000    0.000000    0.000000    0.000000   -0.282954   -0.000000    0.225731   -6.333542    0.000000    0.000000    0.401085   -0.157372   -0.066513
    0.000000    0.000000    0.000000    0.000000    0.000000    0.000000    0.000000    0.000000    0.000000    0.000000    0.000000    0.000000    0.000000    0.000000    0.000000    0.000000    0.000000    0.000000    0.000000    0.000000    0.000000    0.000000    0.000000    0.000000    0.000000    0.000000    0.000000   -0.000000   -0.683240   -0.000000    0.000000    6.670932    0.233538    0.000000   -0.000000   -0.000000
    0.000000    0.000000    0.000000    0.000000    0.000000    0.000000    0.000000    0.000000    0.000000    0.000000    0.000000    0.000000    0.000000    0.000000    0.000000    0.000000    0.000000    0.000000    0.000000    0.000000    0.000000    0.000000    0.000000    0.000000    0.000000    0.000000    0.000000    0.000000   -0.117118    0.000000    0.000000    0.233538    7.455033    0.000000   -0.000000   -0.000000
    0.000000    0.000000    0.000000    0.000000    0.000000    0.000000    0.000000    0.000000    0.000000    0.000000    0.000000    0.000000    0.000000    0.000000    0.000000    0.000000    0.000000    0.000000    0.000000    0.000000    0.000000    0.000000    0.000000    0.000000    0.000000    0.000000    0.000000   -0.035926   -0.000000   -1.025519    0.401085    0.000000    0.000000    6.767112    0.171055   -0.053455
    0.000000    0.000000    0.000000    0.000000    0.000000    0.000000    0.000000    0.000000    0.000000    0.000000    0.000000    0.000000    0.000000    0.000000    0.000000    0.000000    0.000000    0.000000    0.000000    0.000000    0.000000    0.000000    0.000000    0.000000    0.000000    0.000000    0.000000    0.235313    0.000000   -0.055053   -0.157372   -0.000000   -0.000000    0.171055    7.478704    0.119447
    0.000000    0.000000    0.000000    0.000000    0.000000    0.000000    0.000000    0.000000    0.000000    0.000000    0.000000    0.000000    0.000000    0.000000    0.000000    0.000000    0.000000    0.000000    0.000000    0.000000    0.000000    0.000000    0.000000    0.000000    0.000000    0.000000    0.000000    0.044538   -0.000000   -0.020127   -0.066513   -0.000000   -0.000000   -0.053455    0.119447    7.508892

Onsite overlap matrix
    1.000000    0.000000   -0.000000    0.000000    0.000000    0.000000    0.000000    0.000000    0.000000    0.000000    0.000000    0.000000    0.000000    0.000000    0.000000    0.000000    0.000000    0.000000    0.000000    0.000000    0.000000    0.000000    0.000000    0.000000    0.000000    0.000000    0.000000    0.000000    0.000000    0.000000    0.000000    0.000000    0.000000    0.000000    0.000000    0.000000
    0.000000    1.000000    0.000000    0.000000    0.000000   -0.000000    0.000000    0.000000    0.000000    0.000000    0.000000    0.000000    0.000000    0.000000    0.000000    0.000000    0.000000    0.000000    0.000000    0.000000    0.000000    0.000000    0.000000    0.000000    0.000000    0.000000    0.000000    0.000000    0.000000    0.000000    0.000000    0.000000    0.000000    0.000000    0.000000    0.000000
    0.000000    0.000000    1.000000    0.000000    0.000000    0.000000   -0.000000    0.000000    0.000000    0.000000    0.000000    0.000000    0.000000    0.000000    0.000000    0.000000    0.000000    0.000000    0.000000    0.000000    0.000000    0.000000    0.000000    0.000000    0.000000    0.000000    0.000000    0.000000    0.000000    0.000000    0.000000    0.000000    0.000000    0.000000    0.000000    0.000000
    0.000000    0.000000    0.000000    1.000000    0.000000    0.000000   -0.000000   -0.000000    0.000000    0.000000    0.000000    0.000000    0.000000    0.000000    0.000000    0.000000    0.000000    0.000000    0.000000    0.000000    0.000000    0.000000    0.000000    0.000000    0.000000    0.000000    0.000000    0.000000    0.000000    0.000000    0.000000    0.000000    0.000000    0.000000    0.000000    0.000000
    0.000000   -0.000000    0.000000    0.000000    1.000000    0.000000    0.000000    0.000000    0.000000    0.000000    0.000000    0.000000    0.000000    0.000000    0.000000    0.000000    0.000000    0.000000    0.000000    0.000000    0.000000    0.000000    0.000000    0.000000    0.000000    0.000000    0.000000    0.000000    0.000000    0.000000    0.000000    0.000000    0.000000    0.000000    0.000000    0.000000
    0.000000    0.000000    0.000000    0.000000    0.000000    1.000000    0.000000    0.000000    0.000000    0.000000    0.000000    0.000000    0.000000    0.000000    0.000000    0.000000    0.000000    0.000000    0.000000    0.000000    0.000000    0.000000    0.000000    0.000000    0.000000    0.000000    0.000000    0.000000    0.000000    0.000000    0.000000    0.000000    0.000000    0.000000    0.000000    0.000000
    0.000000    0.000000    0.000000    0.000000    0.000000    0.000000    1.000000    0.000000    0.000000    0.000000    0.000000    0.000000    0.000000    0.000000    0.000000    0.000000    0.000000    0.000000    0.000000    0.000000    0.000000    0.000000    0.000000    0.000000    0.000000    0.000000    0.000000    0.000000    0.000000    0.000000    0.000000    0.000000    0.000000    0.000000    0.000000    0.000000
    0.000000    0.000000   -0.000000    0.000000    0.000000    0.000000    0.000000    1.000000    0.000000    0.000000    0.000000    0.000000    0.000000    0.000000    0.000000    0.000000    0.000000    0.000000    0.000000    0.000000    0.000000    0.000000    0.000000    0.000000    0.000000    0.000000    0.000000    0.000000    0.000000    0.000000    0.000000    0.000000    0.000000    0.000000    0.000000    0.000000
    0.000000    0.000000   -0.000000   -0.000000    0.000000    0.000000    0.000000    0.000000    1.000000    0.000000    0.000000    0.000000    0.000000    0.000000    0.000000    0.000000    0.000000    0.000000    0.000000    0.000000    0.000000    0.000000    0.000000    0.000000    0.000000    0.000000    0.000000    0.000000    0.000000    0.000000    0.000000    0.000000    0.000000    0.000000    0.000000    0.000000
    0.000000    0.000000    0.000000    0.000000    0.000000    0.000000    0.000000    0.000000    0.000000    1.000000    0.000000   -0.000000    0.000000    0.000000    0.000000    0.000000    0.000000    0.000000    0.000000    0.000000    0.000000    0.000000    0.000000    0.000000    0.000000    0.000000    0.000000    0.000000    0.000000    0.000000    0.000000    0.000000    0.000000    0.000000    0.000000    0.000000
    0.000000    0.000000    0.000000    0.000000    0.000000    0.000000    0.000000    0.000000    0.000000    0.000000    1.000000    0.000000    0.000000    0.000000   -0.000000    0.000000    0.000000    0.000000    0.000000    0.000000    0.000000    0.000000    0.000000    0.000000    0.000000    0.000000    0.000000    0.000000    0.000000    0.000000    0.000000    0.000000    0.000000    0.000000    0.000000    0.000000
    0.000000    0.000000    0.000000    0.000000    0.000000    0.000000    0.000000    0.000000    0.000000    0.000000    0.000000    1.000000    0.000000    0.000000    0.000000   -0.000000    0.000000    0.000000    0.000000    0.000000    0.000000    0.000000    0.000000    0.000000    0.000000    0.000000    0.000000    0.000000    0.000000    0.000000    0.000000    0.000000    0.000000    0.000000    0.000000    0.000000
    0.000000    0.000000    0.000000    0.000000    0.000000    0.000000    0.000000    0.000000    0.000000    0.000000    0.000000    0.000000    1.000000    0.000000    0.000000   -0.000000   -0.000000    0.000000    0.000000    0.000000    0.000000    0.000000    0.000000    0.000000    0.000000    0.000000    0.000000    0.000000    0.000000    0.000000    0.000000    0.000000    0.000000    0.000000    0.000000    0.000000
    0.000000    0.000000    0.000000    0.000000    0.000000    0.000000    0.000000    0.000000    0.000000    0.000000   -0.000000    0.000000    0.000000    1.000000    0.000000    0.000000    0.000000    0.000000    0.000000    0.000000    0.000000    0.000000    0.000000    0.000000    0.000000    0.000000    0.000000    0.000000    0.000000    0.000000    0.000000    0.000000    0.000000    0.000000    0.000000    0.000000
    0.000000    0.000000    0.000000    0.000000    0.000000    0.000000    0.000000    0.000000    0.000000    0.000000    0.000000    0.000000    0.000000    0.000000    1.000000    0.000000    0.000000    0.000000    0.000000    0.000000    0.000000    0.000000    0.000000    0.000000    0.000000    0.000000    0.000000    0.000000    0.000000    0.000000    0.000000    0.000000    0.000000    0.000000    0.000000    0.000000
    0.000000    0.000000    0.000000    0.000000    0.000000    0.000000    0.000000    0.000000    0.000000    0.000000    0.000000    0.000000    0.000000    0.000000    0.000000    1.000000    0.000000    0.000000    0.000000    0.000000    0.000000    0.000000    0.000000    0.000000    0.000000    0.000000    0.000000    0.000000    0.000000    0.000000    0.000000    0.000000    0.000000    0.000000    0.000000    0.000000
    0.000000    0.000000    0.000000    0.000000    0.000000    0.000000    0.000000    0.000000    0.000000    0.000000    0.000000   -0.000000    0.000000    0.000000    0.000000    0.000000    1.000000    0.000000    0.000000    0.000000    0.000000    0.000000    0.000000    0.000000    0.000000    0.000000    0.000000    0.000000    0.000000    0.000000    0.000000    0.000000    0.000000    0.000000    0.000000    0.000000
    0.000000    0.000000    0.000000    0.000000    0.000000    0.000000    0.000000    0.000000    0.000000    0.000000    0.000000   -0.000000   -0.000000    0.000000    0.000000    0.000000    0.000000    1.000000    0.000000    0.000000    0.000000    0.000000    0.000000    0.000000    0.000000    0.000000    0.000000    0.000000    0.000000    0.000000    0.000000    0.000000    0.000000    0.000000    0.000000    0.000000
    0.000000    0.000000    0.000000    0.000000    0.000000    0.000000    0.000000    0.000000    0.000000    0.000000    0.000000    0.000000    0.000000    0.000000    0.000000    0.000000    0.000000    0.000000    1.000000    0.000000   -0.000000    0.000000    0.000000    0.000000    0.000000    0.000000    0.000000    0.000000    0.000000    0.000000    0.000000    0.000000    0.000000    0.000000    0.000000    0.000000
    0.000000    0.000000    0.000000    0.000000    0.000000    0.000000    0.000000    0.000000    0.000000    0.000000    0.000000    0.000000    0.000000    0.000000    0.000000    0.000000    0.000000    0.000000    0.000000    1.000000    0.000000    0.000000    0.000000   -0.000000    0.000000    0.000000    0.000000    0.000000    0.000000    0.000000    0.000000    0.000000    0.000000    0.000000    0.000000    0.000000
    0.000000    0.000000    0.000000    0.000000    0.000000    0.000000    0.000000    0.000000    0.000000    0.000000    0.000000    0.000000    0.000000    0.000000    0.000000    0.000000    0.000000    0.000000    0.000000    0.000000    1.000000    0.000000    0.000000    0.000000   -0.000000    0.000000    0.000000    0.000000    0.000000    0.000000    0.000000    0.000000    0.000000    0.000000    0.000000    0.000000
    0.000000    0.000000    0.000000    0.000000    0.000000    0.000000    0.000000    0.000000    0.000000    0.000000    0.000000    0.000000    0.000000    0.000000    0.000000    0.000000    0.000000    0.000000    0.000000    0.000000    0.000000    1.000000    0.000000    0.000000   -0.000000   -0.000000    0.000000    0.000000    0.000000    0.000000    0.000000    0.000000    0.000000    0.000000    0.000000    0.000000
    0.000000    0.000000    0.000000    0.000000    0.000000    0.000000    0.000000    0.000000    0.000000    0.000000    0.000000    0.000000    0.000000    0.000000    0.000000    0.000000    0.000000    0.000000    0.000000   -0.000000    0.000000    0.000000    1.000000    0.000000    0.000000    0.000000    0.000000    0.000000    0.000000    0.000000    0.000000    0.000000    0.000000    0.000000    0.000000    0.000000
    0.000000    0.000000    0.000000    0.000000    0.000000    0.000000    0.000000    0.000000    0.000000    0.000000    0.000000    0.000000    0.000000    0.000000    0.000000    0.000000    0.000000    0.000000    0.000000    0.000000    0.000000    0.000000    0.000000    1.000000    0.000000    0.000000    0.000000    0.000000    0.000000    0.000000    0.000000    0.000000    0.000000    0.000000    0.000000    0.000000
    0.000000    0.000000    0.000000    0.000000    0.000000    0.000000    0.000000    0.000000    0.000000    0.000000    0.000000    0.000000    0.000000    0.000000    0.000000    0.000000    0.000000    0.000000    0.000000    0.000000    0.000000    0.000000    0.000000    0.000000    1.000000    0.000000    0.000000    0.000000    0.000000    0.000000    0.000000    0.000000    0.000000    0.000000    0.000000    0.000000
    0.000000    0.000000    0.000000    0.000000    0.000000    0.000000    0.000000    0.000000    0.000000    0.000000    0.000000    0.000000    0.000000    0.000000    0.000000    0.000000    0.000000    0.000000    0.000000    0.000000   -0.000000    0.000000    0.000000    0.000000    0.000000    1.000000    0.000000    0.000000    0.000000    0.000000    0.000000    0.000000    0.000000    0.000000    0.000000    0.000000
    0.000000    0.000000    0.000000    0.000000    0.000000    0.000000    0.000000    0.000000    0.000000    0.000000    0.000000    0.000000    0.000000    0.000000    0.000000    0.000000    0.000000    0.000000    0.000000    0.000000   -0.000000   -0.000000    0.000000    0.000000    0.000000    0.000000    1.000000    0.000000    0.000000    0.000000    0.000000    0.000000    0.000000    0.000000    0.000000    0.000000
    0.000000    0.000000    0.000000    0.000000    0.000000    0.000000    0.000000    0.000000    0.000000    0.000000    0.000000    0.000000    0.000000    0.000000    0.000000    0.000000    0.000000    0.000000    0.000000    0.000000    0.000000    0.000000    0.000000    0.000000    0.000000    0.000000    0.000000    1.000000    0.000000   -0.000000    0.000000    0.000000    0.000000    0.000000    0.000000    0.000000
    0.000000    0.000000    0.000000    0.000000    0.000000    0.000000    0.000000    0.000000    0.000000    0.000000    0.000000    0.000000    0.000000    0.000000    0.000000    0.000000    0.000000    0.000000    0.000000    0.000000    0.000000    0.000000    0.000000    0.000000    0.000000    0.000000    0.000000    0.000000    1.000000    0.000000    0.000000    0.000000   -0.000000    0.000000    0.000000    0.000000
    0.000000    0.000000    0.000000    0.000000    0.000000    0.000000    0.000000    0.000000    0.000000    0.000000    0.000000    0.000000    0.000000    0.000000    0.000000    0.000000    0.000000    0.000000    0.000000    0.000000    0.000000    0.000000    0.000000    0.000000    0.000000    0.000000    0.000000    0.000000    0.000000    1.000000    0.000000    0.000000    0.000000   -0.000000    0.000000    0.000000
    0.000000    0.000000    0.000000    0.000000    0.000000    0.000000    0.000000    0.000000    0.000000    0.000000    0.000000    0.000000    0.000000    0.000000    0.000000    0.000000    0.000000    0.000000    0.000000    0.000000    0.000000    0.000000    0.000000    0.000000    0.000000    0.000000    0.000000    0.000000    0.000000    0.000000    1.000000    0.000000    0.000000   -0.000000   -0.000000    0.000000
    0.000000    0.000000    0.000000    0.000000    0.000000    0.000000    0.000000    0.000000    0.000000    0.000000    0.000000    0.000000    0.000000    0.000000    0.000000    0.000000    0.000000    0.000000    0.000000    0.000000    0.000000    0.000000    0.000000    0.000000    0.000000    0.000000    0.000000    0.000000   -0.000000    0.000000    0.000000    1.000000    0.000000    0.000000    0.000000    0.000000
    0.000000    0.000000    0.000000    0.000000    0.000000    0.000000    0.000000    0.000000    0.000000    0.000000    0.000000    0.000000    0.000000    0.000000    0.000000    0.000000    0.000000    0.000000    0.000000    0.000000    0.000000    0.000000    0.000000    0.000000    0.000000    0.000000    0.000000    0.000000    0.000000    0.000000    0.000000    0.000000    1.000000    0.000000    0.000000    0.000000
    0.000000    0.000000    0.000000    0.000000    0.000000    0.000000    0.000000    0.000000    0.000000    0.000000    0.000000    0.000000    0.000000    0.000000    0.000000    0.000000    0.000000    0.000000    0.000000    0.000000    0.000000    0.000000    0.000000    0.000000    0.000000    0.000000    0.000000    0.000000    0.000000    0.000000    0.000000    0.000000    0.000000    1.000000    0.000000    0.000000
    0.000000    0.000000    0.000000    0.000000    0.000000    0.000000    0.000000    0.000000    0.000000    0.000000    0.000000    0.000000    0.000000    0.000000    0.000000    0.000000    0.000000    0.000000    0.000000    0.000000    0.000000    0.000000    0.000000    0.000000    0.000000    0.000000    0.000000    0.000000    0.000000   -0.000000    0.000000    0.000000    0.000000    0.000000    1.000000    0.000000
    0.000000    0.000000    0.000000    0.000000    0.000000    0.000000    0.000000    0.000000    0.000000    0.000000    0.000000    0.000000    0.000000    0.000000    0.000000    0.000000    0.000000    0.000000    0.000000    0.000000    0.000000    0.000000    0.000000    0.000000    0.000000    0.000000    0.000000    0.000000    0.000000   -0.000000   -0.000000    0.000000    0.000000    0.000000    0.000000    1.000000

