     36     900 = orbitals in unit cell and supercell. See end of file.

    io    ia is   spec iao  n  l  m  z  p          sym      rc    isc     iuo
     1     1  1     Sn   1  5  0  0  1  F            s   5.613  0  0  0     1
     2     1  1     Sn   2  5  1 -1  1  F           py   7.341  0  0  0     2
     3     1  1     Sn   3  5  1  0  1  F           pz   7.341  0  0  0     3
     4     1  1     Sn   4  5  1  1  1  F           px   7.341  0  0  0     4
     5     1  1     Sn   5  5  2 -2  1  T         Pdxy   7.341  0  0  0     5
     6     1  1     Sn   6  5  2 -1  1  T         Pdyz   7.341  0  0  0     6
     7     1  1     Sn   7  5  2  0  1  T         Pdz2   7.341  0  0  0     7
     8     1  1     Sn   8  5  2  1  1  T         Pdxz   7.341  0  0  0     8
     9     1  1     Sn   9  5  2  2  1  T      Pdx2-y2   7.341  0  0  0     9
    10     2  1     Sn   1  5  0  0  1  F            s   5.613  0  0  0    10
    11     2  1     Sn   2  5  1 -1  1  F           py   7.341  0  0  0    11
    12     2  1     Sn   3  5  1  0  1  F           pz   7.341  0  0  0    12
    13     2  1     Sn   4  5  1  1  1  F           px   7.341  0  0  0    13
    14     2  1     Sn   5  5  2 -2  1  T         Pdxy   7.341  0  0  0    14
    15     2  1     Sn   6  5  2 -1  1  T         Pdyz   7.341  0  0  0    15
    16     2  1     Sn   7  5  2  0  1  T         Pdz2   7.341  0  0  0    16
    17     2  1     Sn   8  5  2  1  1  T         Pdxz   7.341  0  0  0    17
    18     2  1     Sn   9  5  2  2  1  T      Pdx2-y2   7.341  0  0  0    18
    19     3  2      S   1  3  0  0  1  F            s   4.431  0  0  0    19
    20     3  2      S   2  3  1 -1  1  F           py   5.447  0  0  0    20
    21     3  2      S   3  3  1  0  1  F           pz   5.447  0  0  0    21
    22     3  2      S   4  3  1  1  1  F           px   5.447  0  0  0    22
    23     3  2      S   5  3  2 -2  1  T         Pdxy   5.447  0  0  0    23
    24     3  2      S   6  3  2 -1  1  T         Pdyz   5.447  0  0  0    24
    25     3  2      S   7  3  2  0  1  T         Pdz2   5.447  0  0  0    25
    26     3  2      S   8  3  2  1  1  T         Pdxz   5.447  0  0  0    26
    27     3  2      S   9  3  2  2  1  T      Pdx2-y2   5.447  0  0  0    27
    28     4  2      S   1  3  0  0  1  F            s   4.431  0  0  0    28
    29     4  2      S   2  3  1 -1  1  F           py   5.447  0  0  0    29
    30     4  2      S   3  3  1  0  1  F           pz   5.447  0  0  0    30
    31     4  2      S   4  3  1  1  1  F           px   5.447  0  0  0    31
    32     4  2      S   5  3  2 -2  1  T         Pdxy   5.447  0  0  0    32
    33     4  2      S   6  3  2 -1  1  T         Pdyz   5.447  0  0  0    33
    34     4  2      S   7  3  2  0  1  T         Pdz2   5.447  0  0  0    34
    35     4  2      S   8  3  2  1  1  T         Pdxz   5.447  0  0  0    35
    36     4  2      S   9  3  2  2  1  T      Pdx2-y2   5.447  0  0  0    36
    37     5  1     Sn   1  5  0  0  1  F            s   5.613  1  0  0     1
    38     5  1     Sn   2  5  1 -1  1  F           py   7.341  1  0  0     2
    39     5  1     Sn   3  5  1  0  1  F           pz   7.341  1  0  0     3
    40     5  1     Sn   4  5  1  1  1  F           px   7.341  1  0  0     4
    41     5  1     Sn   5  5  2 -2  1  T         Pdxy   7.341  1  0  0     5
    42     5  1     Sn   6  5  2 -1  1  T         Pdyz   7.341  1  0  0     6
    43     5  1     Sn   7  5  2  0  1  T         Pdz2   7.341  1  0  0     7
    44     5  1     Sn   8  5  2  1  1  T         Pdxz   7.341  1  0  0     8
    45     5  1     Sn   9  5  2  2  1  T      Pdx2-y2   7.341  1  0  0     9
    46     6  1     Sn   1  5  0  0  1  F            s   5.613  1  0  0    10
    47     6  1     Sn   2  5  1 -1  1  F           py   7.341  1  0  0    11
    48     6  1     Sn   3  5  1  0  1  F           pz   7.341  1  0  0    12
    49     6  1     Sn   4  5  1  1  1  F           px   7.341  1  0  0    13
    50     6  1     Sn   5  5  2 -2  1  T         Pdxy   7.341  1  0  0    14
    51     6  1     Sn   6  5  2 -1  1  T         Pdyz   7.341  1  0  0    15
    52     6  1     Sn   7  5  2  0  1  T         Pdz2   7.341  1  0  0    16
    53     6  1     Sn   8  5  2  1  1  T         Pdxz   7.341  1  0  0    17
    54     6  1     Sn   9  5  2  2  1  T      Pdx2-y2   7.341  1  0  0    18
    55     7  2      S   1  3  0  0  1  F            s   4.431  1  0  0    19
    56     7  2      S   2  3  1 -1  1  F           py   5.447  1  0  0    20
    57     7  2      S   3  3  1  0  1  F           pz   5.447  1  0  0    21
    58     7  2      S   4  3  1  1  1  F           px   5.447  1  0  0    22
    59     7  2      S   5  3  2 -2  1  T         Pdxy   5.447  1  0  0    23
    60     7  2      S   6  3  2 -1  1  T         Pdyz   5.447  1  0  0    24
    61     7  2      S   7  3  2  0  1  T         Pdz2   5.447  1  0  0    25
    62     7  2      S   8  3  2  1  1  T         Pdxz   5.447  1  0  0    26
    63     7  2      S   9  3  2  2  1  T      Pdx2-y2   5.447  1  0  0    27
    64     8  2      S   1  3  0  0  1  F            s   4.431  1  0  0    28
    65     8  2      S   2  3  1 -1  1  F           py   5.447  1  0  0    29
    66     8  2      S   3  3  1  0  1  F           pz   5.447  1  0  0    30
    67     8  2      S   4  3  1  1  1  F           px   5.447  1  0  0    31
    68     8  2      S   5  3  2 -2  1  T         Pdxy   5.447  1  0  0    32
    69     8  2      S   6  3  2 -1  1  T         Pdyz   5.447  1  0  0    33
    70     8  2      S   7  3  2  0  1  T         Pdz2   5.447  1  0  0    34
    71     8  2      S   8  3  2  1  1  T         Pdxz   5.447  1  0  0    35
    72     8  2      S   9  3  2  2  1  T      Pdx2-y2   5.447  1  0  0    36
    73     9  1     Sn   1  5  0  0  1  F            s   5.613  2  0  0     1
    74     9  1     Sn   2  5  1 -1  1  F           py   7.341  2  0  0     2
    75     9  1     Sn   3  5  1  0  1  F           pz   7.341  2  0  0     3
    76     9  1     Sn   4  5  1  1  1  F           px   7.341  2  0  0     4
    77     9  1     Sn   5  5  2 -2  1  T         Pdxy   7.341  2  0  0     5
    78     9  1     Sn   6  5  2 -1  1  T         Pdyz   7.341  2  0  0     6
    79     9  1     Sn   7  5  2  0  1  T         Pdz2   7.341  2  0  0     7
    80     9  1     Sn   8  5  2  1  1  T         Pdxz   7.341  2  0  0     8
    81     9  1     Sn   9  5  2  2  1  T      Pdx2-y2   7.341  2  0  0     9
    82    10  1     Sn   1  5  0  0  1  F            s   5.613  2  0  0    10
    83    10  1     Sn   2  5  1 -1  1  F           py   7.341  2  0  0    11
    84    10  1     Sn   3  5  1  0  1  F           pz   7.341  2  0  0    12
    85    10  1     Sn   4  5  1  1  1  F           px   7.341  2  0  0    13
    86    10  1     Sn   5  5  2 -2  1  T         Pdxy   7.341  2  0  0    14
    87    10  1     Sn   6  5  2 -1  1  T         Pdyz   7.341  2  0  0    15
    88    10  1     Sn   7  5  2  0  1  T         Pdz2   7.341  2  0  0    16
    89    10  1     Sn   8  5  2  1  1  T         Pdxz   7.341  2  0  0    17
    90    10  1     Sn   9  5  2  2  1  T      Pdx2-y2   7.341  2  0  0    18
    91    11  2      S   1  3  0  0  1  F            s   4.431  2  0  0    19
    92    11  2      S   2  3  1 -1  1  F           py   5.447  2  0  0    20
    93    11  2      S   3  3  1  0  1  F           pz   5.447  2  0  0    21
    94    11  2      S   4  3  1  1  1  F           px   5.447  2  0  0    22
    95    11  2      S   5  3  2 -2  1  T         Pdxy   5.447  2  0  0    23
    96    11  2      S   6  3  2 -1  1  T         Pdyz   5.447  2  0  0    24
    97    11  2      S   7  3  2  0  1  T         Pdz2   5.447  2  0  0    25
    98    11  2      S   8  3  2  1  1  T         Pdxz   5.447  2  0  0    26
    99    11  2      S   9  3  2  2  1  T      Pdx2-y2   5.447  2  0  0    27
   100    12  2      S   1  3  0  0  1  F            s   4.431  2  0  0    28
   101    12  2      S   2  3  1 -1  1  F           py   5.447  2  0  0    29
   102    12  2      S   3  3  1  0  1  F           pz   5.447  2  0  0    30
   103    12  2      S   4  3  1  1  1  F           px   5.447  2  0  0    31
   104    12  2      S   5  3  2 -2  1  T         Pdxy   5.447  2  0  0    32
   105    12  2      S   6  3  2 -1  1  T         Pdyz   5.447  2  0  0    33
   106    12  2      S   7  3  2  0  1  T         Pdz2   5.447  2  0  0    34
   107    12  2      S   8  3  2  1  1  T         Pdxz   5.447  2  0  0    35
   108    12  2      S   9  3  2  2  1  T      Pdx2-y2   5.447  2  0  0    36
   109    13  1     Sn   1  5  0  0  1  F            s   5.613 -2  0  0     1
   110    13  1     Sn   2  5  1 -1  1  F           py   7.341 -2  0  0     2
   111    13  1     Sn   3  5  1  0  1  F           pz   7.341 -2  0  0     3
   112    13  1     Sn   4  5  1  1  1  F           px   7.341 -2  0  0     4
   113    13  1     Sn   5  5  2 -2  1  T         Pdxy   7.341 -2  0  0     5
   114    13  1     Sn   6  5  2 -1  1  T         Pdyz   7.341 -2  0  0     6
   115    13  1     Sn   7  5  2  0  1  T         Pdz2   7.341 -2  0  0     7
   116    13  1     Sn   8  5  2  1  1  T         Pdxz   7.341 -2  0  0     8
   117    13  1     Sn   9  5  2  2  1  T      Pdx2-y2   7.341 -2  0  0     9
   118    14  1     Sn   1  5  0  0  1  F            s   5.613 -2  0  0    10
   119    14  1     Sn   2  5  1 -1  1  F           py   7.341 -2  0  0    11
   120    14  1     Sn   3  5  1  0  1  F           pz   7.341 -2  0  0    12
   121    14  1     Sn   4  5  1  1  1  F           px   7.341 -2  0  0    13
   122    14  1     Sn   5  5  2 -2  1  T         Pdxy   7.341 -2  0  0    14
   123    14  1     Sn   6  5  2 -1  1  T         Pdyz   7.341 -2  0  0    15
   124    14  1     Sn   7  5  2  0  1  T         Pdz2   7.341 -2  0  0    16
   125    14  1     Sn   8  5  2  1  1  T         Pdxz   7.341 -2  0  0    17
   126    14  1     Sn   9  5  2  2  1  T      Pdx2-y2   7.341 -2  0  0    18
   127    15  2      S   1  3  0  0  1  F            s   4.431 -2  0  0    19
   128    15  2      S   2  3  1 -1  1  F           py   5.447 -2  0  0    20
   129    15  2      S   3  3  1  0  1  F           pz   5.447 -2  0  0    21
   130    15  2      S   4  3  1  1  1  F           px   5.447 -2  0  0    22
   131    15  2      S   5  3  2 -2  1  T         Pdxy   5.447 -2  0  0    23
   132    15  2      S   6  3  2 -1  1  T         Pdyz   5.447 -2  0  0    24
   133    15  2      S   7  3  2  0  1  T         Pdz2   5.447 -2  0  0    25
   134    15  2      S   8  3  2  1  1  T         Pdxz   5.447 -2  0  0    26
   135    15  2      S   9  3  2  2  1  T      Pdx2-y2   5.447 -2  0  0    27
   136    16  2      S   1  3  0  0  1  F            s   4.431 -2  0  0    28
   137    16  2      S   2  3  1 -1  1  F           py   5.447 -2  0  0    29
   138    16  2      S   3  3  1  0  1  F           pz   5.447 -2  0  0    30
   139    16  2      S   4  3  1  1  1  F           px   5.447 -2  0  0    31
   140    16  2      S   5  3  2 -2  1  T         Pdxy   5.447 -2  0  0    32
   141    16  2      S   6  3  2 -1  1  T         Pdyz   5.447 -2  0  0    33
   142    16  2      S   7  3  2  0  1  T         Pdz2   5.447 -2  0  0    34
   143    16  2      S   8  3  2  1  1  T         Pdxz   5.447 -2  0  0    35
   144    16  2      S   9  3  2  2  1  T      Pdx2-y2   5.447 -2  0  0    36
   145    17  1     Sn   1  5  0  0  1  F            s   5.613 -1  0  0     1
   146    17  1     Sn   2  5  1 -1  1  F           py   7.341 -1  0  0     2
   147    17  1     Sn   3  5  1  0  1  F           pz   7.341 -1  0  0     3
   148    17  1     Sn   4  5  1  1  1  F           px   7.341 -1  0  0     4
   149    17  1     Sn   5  5  2 -2  1  T         Pdxy   7.341 -1  0  0     5
   150    17  1     Sn   6  5  2 -1  1  T         Pdyz   7.341 -1  0  0     6
   151    17  1     Sn   7  5  2  0  1  T         Pdz2   7.341 -1  0  0     7
   152    17  1     Sn   8  5  2  1  1  T         Pdxz   7.341 -1  0  0     8
   153    17  1     Sn   9  5  2  2  1  T      Pdx2-y2   7.341 -1  0  0     9
   154    18  1     Sn   1  5  0  0  1  F            s   5.613 -1  0  0    10
   155    18  1     Sn   2  5  1 -1  1  F           py   7.341 -1  0  0    11
   156    18  1     Sn   3  5  1  0  1  F           pz   7.341 -1  0  0    12
   157    18  1     Sn   4  5  1  1  1  F           px   7.341 -1  0  0    13
   158    18  1     Sn   5  5  2 -2  1  T         Pdxy   7.341 -1  0  0    14
   159    18  1     Sn   6  5  2 -1  1  T         Pdyz   7.341 -1  0  0    15
   160    18  1     Sn   7  5  2  0  1  T         Pdz2   7.341 -1  0  0    16
   161    18  1     Sn   8  5  2  1  1  T         Pdxz   7.341 -1  0  0    17
   162    18  1     Sn   9  5  2  2  1  T      Pdx2-y2   7.341 -1  0  0    18
   163    19  2      S   1  3  0  0  1  F            s   4.431 -1  0  0    19
   164    19  2      S   2  3  1 -1  1  F           py   5.447 -1  0  0    20
   165    19  2      S   3  3  1  0  1  F           pz   5.447 -1  0  0    21
   166    19  2      S   4  3  1  1  1  F           px   5.447 -1  0  0    22
   167    19  2      S   5  3  2 -2  1  T         Pdxy   5.447 -1  0  0    23
   168    19  2      S   6  3  2 -1  1  T         Pdyz   5.447 -1  0  0    24
   169    19  2      S   7  3  2  0  1  T         Pdz2   5.447 -1  0  0    25
   170    19  2      S   8  3  2  1  1  T         Pdxz   5.447 -1  0  0    26
   171    19  2      S   9  3  2  2  1  T      Pdx2-y2   5.447 -1  0  0    27
   172    20  2      S   1  3  0  0  1  F            s   4.431 -1  0  0    28
   173    20  2      S   2  3  1 -1  1  F           py   5.447 -1  0  0    29
   174    20  2      S   3  3  1  0  1  F           pz   5.447 -1  0  0    30
   175    20  2      S   4  3  1  1  1  F           px   5.447 -1  0  0    31
   176    20  2      S   5  3  2 -2  1  T         Pdxy   5.447 -1  0  0    32
   177    20  2      S   6  3  2 -1  1  T         Pdyz   5.447 -1  0  0    33
   178    20  2      S   7  3  2  0  1  T         Pdz2   5.447 -1  0  0    34
   179    20  2      S   8  3  2  1  1  T         Pdxz   5.447 -1  0  0    35
   180    20  2      S   9  3  2  2  1  T      Pdx2-y2   5.447 -1  0  0    36
   181    21  1     Sn   1  5  0  0  1  F            s   5.613  0  1  0     1
   182    21  1     Sn   2  5  1 -1  1  F           py   7.341  0  1  0     2
   183    21  1     Sn   3  5  1  0  1  F           pz   7.341  0  1  0     3
   184    21  1     Sn   4  5  1  1  1  F           px   7.341  0  1  0     4
   185    21  1     Sn   5  5  2 -2  1  T         Pdxy   7.341  0  1  0     5
   186    21  1     Sn   6  5  2 -1  1  T         Pdyz   7.341  0  1  0     6
   187    21  1     Sn   7  5  2  0  1  T         Pdz2   7.341  0  1  0     7
   188    21  1     Sn   8  5  2  1  1  T         Pdxz   7.341  0  1  0     8
   189    21  1     Sn   9  5  2  2  1  T      Pdx2-y2   7.341  0  1  0     9
   190    22  1     Sn   1  5  0  0  1  F            s   5.613  0  1  0    10
   191    22  1     Sn   2  5  1 -1  1  F           py   7.341  0  1  0    11
   192    22  1     Sn   3  5  1  0  1  F           pz   7.341  0  1  0    12
   193    22  1     Sn   4  5  1  1  1  F           px   7.341  0  1  0    13
   194    22  1     Sn   5  5  2 -2  1  T         Pdxy   7.341  0  1  0    14
   195    22  1     Sn   6  5  2 -1  1  T         Pdyz   7.341  0  1  0    15
   196    22  1     Sn   7  5  2  0  1  T         Pdz2   7.341  0  1  0    16
   197    22  1     Sn   8  5  2  1  1  T         Pdxz   7.341  0  1  0    17
   198    22  1     Sn   9  5  2  2  1  T      Pdx2-y2   7.341  0  1  0    18
   199    23  2      S   1  3  0  0  1  F            s   4.431  0  1  0    19
   200    23  2      S   2  3  1 -1  1  F           py   5.447  0  1  0    20
   201    23  2      S   3  3  1  0  1  F           pz   5.447  0  1  0    21
   202    23  2      S   4  3  1  1  1  F           px   5.447  0  1  0    22
   203    23  2      S   5  3  2 -2  1  T         Pdxy   5.447  0  1  0    23
   204    23  2      S   6  3  2 -1  1  T         Pdyz   5.447  0  1  0    24
   205    23  2      S   7  3  2  0  1  T         Pdz2   5.447  0  1  0    25
   206    23  2      S   8  3  2  1  1  T         Pdxz   5.447  0  1  0    26
   207    23  2      S   9  3  2  2  1  T      Pdx2-y2   5.447  0  1  0    27
   208    24  2      S   1  3  0  0  1  F            s   4.431  0  1  0    28
   209    24  2      S   2  3  1 -1  1  F           py   5.447  0  1  0    29
   210    24  2      S   3  3  1  0  1  F           pz   5.447  0  1  0    30
   211    24  2      S   4  3  1  1  1  F           px   5.447  0  1  0    31
   212    24  2      S   5  3  2 -2  1  T         Pdxy   5.447  0  1  0    32
   213    24  2      S   6  3  2 -1  1  T         Pdyz   5.447  0  1  0    33
   214    24  2      S   7  3  2  0  1  T         Pdz2   5.447  0  1  0    34
   215    24  2      S   8  3  2  1  1  T         Pdxz   5.447  0  1  0    35
   216    24  2      S   9  3  2  2  1  T      Pdx2-y2   5.447  0  1  0    36
   217    25  1     Sn   1  5  0  0  1  F            s   5.613  1  1  0     1
   218    25  1     Sn   2  5  1 -1  1  F           py   7.341  1  1  0     2
   219    25  1     Sn   3  5  1  0  1  F           pz   7.341  1  1  0     3
   220    25  1     Sn   4  5  1  1  1  F           px   7.341  1  1  0     4
   221    25  1     Sn   5  5  2 -2  1  T         Pdxy   7.341  1  1  0     5
   222    25  1     Sn   6  5  2 -1  1  T         Pdyz   7.341  1  1  0     6
   223    25  1     Sn   7  5  2  0  1  T         Pdz2   7.341  1  1  0     7
   224    25  1     Sn   8  5  2  1  1  T         Pdxz   7.341  1  1  0     8
   225    25  1     Sn   9  5  2  2  1  T      Pdx2-y2   7.341  1  1  0     9
   226    26  1     Sn   1  5  0  0  1  F            s   5.613  1  1  0    10
   227    26  1     Sn   2  5  1 -1  1  F           py   7.341  1  1  0    11
   228    26  1     Sn   3  5  1  0  1  F           pz   7.341  1  1  0    12
   229    26  1     Sn   4  5  1  1  1  F           px   7.341  1  1  0    13
   230    26  1     Sn   5  5  2 -2  1  T         Pdxy   7.341  1  1  0    14
   231    26  1     Sn   6  5  2 -1  1  T         Pdyz   7.341  1  1  0    15
   232    26  1     Sn   7  5  2  0  1  T         Pdz2   7.341  1  1  0    16
   233    26  1     Sn   8  5  2  1  1  T         Pdxz   7.341  1  1  0    17
   234    26  1     Sn   9  5  2  2  1  T      Pdx2-y2   7.341  1  1  0    18
   235    27  2      S   1  3  0  0  1  F            s   4.431  1  1  0    19
   236    27  2      S   2  3  1 -1  1  F           py   5.447  1  1  0    20
   237    27  2      S   3  3  1  0  1  F           pz   5.447  1  1  0    21
   238    27  2      S   4  3  1  1  1  F           px   5.447  1  1  0    22
   239    27  2      S   5  3  2 -2  1  T         Pdxy   5.447  1  1  0    23
   240    27  2      S   6  3  2 -1  1  T         Pdyz   5.447  1  1  0    24
   241    27  2      S   7  3  2  0  1  T         Pdz2   5.447  1  1  0    25
   242    27  2      S   8  3  2  1  1  T         Pdxz   5.447  1  1  0    26
   243    27  2      S   9  3  2  2  1  T      Pdx2-y2   5.447  1  1  0    27
   244    28  2      S   1  3  0  0  1  F            s   4.431  1  1  0    28
   245    28  2      S   2  3  1 -1  1  F           py   5.447  1  1  0    29
   246    28  2      S   3  3  1  0  1  F           pz   5.447  1  1  0    30
   247    28  2      S   4  3  1  1  1  F           px   5.447  1  1  0    31
   248    28  2      S   5  3  2 -2  1  T         Pdxy   5.447  1  1  0    32
   249    28  2      S   6  3  2 -1  1  T         Pdyz   5.447  1  1  0    33
   250    28  2      S   7  3  2  0  1  T         Pdz2   5.447  1  1  0    34
   251    28  2      S   8  3  2  1  1  T         Pdxz   5.447  1  1  0    35
   252    28  2      S   9  3  2  2  1  T      Pdx2-y2   5.447  1  1  0    36
   253    29  1     Sn   1  5  0  0  1  F            s   5.613  2  1  0     1
   254    29  1     Sn   2  5  1 -1  1  F           py   7.341  2  1  0     2
   255    29  1     Sn   3  5  1  0  1  F           pz   7.341  2  1  0     3
   256    29  1     Sn   4  5  1  1  1  F           px   7.341  2  1  0     4
   257    29  1     Sn   5  5  2 -2  1  T         Pdxy   7.341  2  1  0     5
   258    29  1     Sn   6  5  2 -1  1  T         Pdyz   7.341  2  1  0     6
   259    29  1     Sn   7  5  2  0  1  T         Pdz2   7.341  2  1  0     7
   260    29  1     Sn   8  5  2  1  1  T         Pdxz   7.341  2  1  0     8
   261    29  1     Sn   9  5  2  2  1  T      Pdx2-y2   7.341  2  1  0     9
   262    30  1     Sn   1  5  0  0  1  F            s   5.613  2  1  0    10
   263    30  1     Sn   2  5  1 -1  1  F           py   7.341  2  1  0    11
   264    30  1     Sn   3  5  1  0  1  F           pz   7.341  2  1  0    12
   265    30  1     Sn   4  5  1  1  1  F           px   7.341  2  1  0    13
   266    30  1     Sn   5  5  2 -2  1  T         Pdxy   7.341  2  1  0    14
   267    30  1     Sn   6  5  2 -1  1  T         Pdyz   7.341  2  1  0    15
   268    30  1     Sn   7  5  2  0  1  T         Pdz2   7.341  2  1  0    16
   269    30  1     Sn   8  5  2  1  1  T         Pdxz   7.341  2  1  0    17
   270    30  1     Sn   9  5  2  2  1  T      Pdx2-y2   7.341  2  1  0    18
   271    31  2      S   1  3  0  0  1  F            s   4.431  2  1  0    19
   272    31  2      S   2  3  1 -1  1  F           py   5.447  2  1  0    20
   273    31  2      S   3  3  1  0  1  F           pz   5.447  2  1  0    21
   274    31  2      S   4  3  1  1  1  F           px   5.447  2  1  0    22
   275    31  2      S   5  3  2 -2  1  T         Pdxy   5.447  2  1  0    23
   276    31  2      S   6  3  2 -1  1  T         Pdyz   5.447  2  1  0    24
   277    31  2      S   7  3  2  0  1  T         Pdz2   5.447  2  1  0    25
   278    31  2      S   8  3  2  1  1  T         Pdxz   5.447  2  1  0    26
   279    31  2      S   9  3  2  2  1  T      Pdx2-y2   5.447  2  1  0    27
   280    32  2      S   1  3  0  0  1  F            s   4.431  2  1  0    28
   281    32  2      S   2  3  1 -1  1  F           py   5.447  2  1  0    29
   282    32  2      S   3  3  1  0  1  F           pz   5.447  2  1  0    30
   283    32  2      S   4  3  1  1  1  F           px   5.447  2  1  0    31
   284    32  2      S   5  3  2 -2  1  T         Pdxy   5.447  2  1  0    32
   285    32  2      S   6  3  2 -1  1  T         Pdyz   5.447  2  1  0    33
   286    32  2      S   7  3  2  0  1  T         Pdz2   5.447  2  1  0    34
   287    32  2      S   8  3  2  1  1  T         Pdxz   5.447  2  1  0    35
   288    32  2      S   9  3  2  2  1  T      Pdx2-y2   5.447  2  1  0    36
   289    33  1     Sn   1  5  0  0  1  F            s   5.613 -2  1  0     1
   290    33  1     Sn   2  5  1 -1  1  F           py   7.341 -2  1  0     2
   291    33  1     Sn   3  5  1  0  1  F           pz   7.341 -2  1  0     3
   292    33  1     Sn   4  5  1  1  1  F           px   7.341 -2  1  0     4
   293    33  1     Sn   5  5  2 -2  1  T         Pdxy   7.341 -2  1  0     5
   294    33  1     Sn   6  5  2 -1  1  T         Pdyz   7.341 -2  1  0     6
   295    33  1     Sn   7  5  2  0  1  T         Pdz2   7.341 -2  1  0     7
   296    33  1     Sn   8  5  2  1  1  T         Pdxz   7.341 -2  1  0     8
   297    33  1     Sn   9  5  2  2  1  T      Pdx2-y2   7.341 -2  1  0     9
   298    34  1     Sn   1  5  0  0  1  F            s   5.613 -2  1  0    10
   299    34  1     Sn   2  5  1 -1  1  F           py   7.341 -2  1  0    11
   300    34  1     Sn   3  5  1  0  1  F           pz   7.341 -2  1  0    12
   301    34  1     Sn   4  5  1  1  1  F           px   7.341 -2  1  0    13
   302    34  1     Sn   5  5  2 -2  1  T         Pdxy   7.341 -2  1  0    14
   303    34  1     Sn   6  5  2 -1  1  T         Pdyz   7.341 -2  1  0    15
   304    34  1     Sn   7  5  2  0  1  T         Pdz2   7.341 -2  1  0    16
   305    34  1     Sn   8  5  2  1  1  T         Pdxz   7.341 -2  1  0    17
   306    34  1     Sn   9  5  2  2  1  T      Pdx2-y2   7.341 -2  1  0    18
   307    35  2      S   1  3  0  0  1  F            s   4.431 -2  1  0    19
   308    35  2      S   2  3  1 -1  1  F           py   5.447 -2  1  0    20
   309    35  2      S   3  3  1  0  1  F           pz   5.447 -2  1  0    21
   310    35  2      S   4  3  1  1  1  F           px   5.447 -2  1  0    22
   311    35  2      S   5  3  2 -2  1  T         Pdxy   5.447 -2  1  0    23
   312    35  2      S   6  3  2 -1  1  T         Pdyz   5.447 -2  1  0    24
   313    35  2      S   7  3  2  0  1  T         Pdz2   5.447 -2  1  0    25
   314    35  2      S   8  3  2  1  1  T         Pdxz   5.447 -2  1  0    26
   315    35  2      S   9  3  2  2  1  T      Pdx2-y2   5.447 -2  1  0    27
   316    36  2      S   1  3  0  0  1  F            s   4.431 -2  1  0    28
   317    36  2      S   2  3  1 -1  1  F           py   5.447 -2  1  0    29
   318    36  2      S   3  3  1  0  1  F           pz   5.447 -2  1  0    30
   319    36  2      S   4  3  1  1  1  F           px   5.447 -2  1  0    31
   320    36  2      S   5  3  2 -2  1  T         Pdxy   5.447 -2  1  0    32
   321    36  2      S   6  3  2 -1  1  T         Pdyz   5.447 -2  1  0    33
   322    36  2      S   7  3  2  0  1  T         Pdz2   5.447 -2  1  0    34
   323    36  2      S   8  3  2  1  1  T         Pdxz   5.447 -2  1  0    35
   324    36  2      S   9  3  2  2  1  T      Pdx2-y2   5.447 -2  1  0    36
   325    37  1     Sn   1  5  0  0  1  F            s   5.613 -1  1  0     1
   326    37  1     Sn   2  5  1 -1  1  F           py   7.341 -1  1  0     2
   327    37  1     Sn   3  5  1  0  1  F           pz   7.341 -1  1  0     3
   328    37  1     Sn   4  5  1  1  1  F           px   7.341 -1  1  0     4
   329    37  1     Sn   5  5  2 -2  1  T         Pdxy   7.341 -1  1  0     5
   330    37  1     Sn   6  5  2 -1  1  T         Pdyz   7.341 -1  1  0     6
   331    37  1     Sn   7  5  2  0  1  T         Pdz2   7.341 -1  1  0     7
   332    37  1     Sn   8  5  2  1  1  T         Pdxz   7.341 -1  1  0     8
   333    37  1     Sn   9  5  2  2  1  T      Pdx2-y2   7.341 -1  1  0     9
   334    38  1     Sn   1  5  0  0  1  F            s   5.613 -1  1  0    10
   335    38  1     Sn   2  5  1 -1  1  F           py   7.341 -1  1  0    11
   336    38  1     Sn   3  5  1  0  1  F           pz   7.341 -1  1  0    12
   337    38  1     Sn   4  5  1  1  1  F           px   7.341 -1  1  0    13
   338    38  1     Sn   5  5  2 -2  1  T         Pdxy   7.341 -1  1  0    14
   339    38  1     Sn   6  5  2 -1  1  T         Pdyz   7.341 -1  1  0    15
   340    38  1     Sn   7  5  2  0  1  T         Pdz2   7.341 -1  1  0    16
   341    38  1     Sn   8  5  2  1  1  T         Pdxz   7.341 -1  1  0    17
   342    38  1     Sn   9  5  2  2  1  T      Pdx2-y2   7.341 -1  1  0    18
   343    39  2      S   1  3  0  0  1  F            s   4.431 -1  1  0    19
   344    39  2      S   2  3  1 -1  1  F           py   5.447 -1  1  0    20
   345    39  2      S   3  3  1  0  1  F           pz   5.447 -1  1  0    21
   346    39  2      S   4  3  1  1  1  F           px   5.447 -1  1  0    22
   347    39  2      S   5  3  2 -2  1  T         Pdxy   5.447 -1  1  0    23
   348    39  2      S   6  3  2 -1  1  T         Pdyz   5.447 -1  1  0    24
   349    39  2      S   7  3  2  0  1  T         Pdz2   5.447 -1  1  0    25
   350    39  2      S   8  3  2  1  1  T         Pdxz   5.447 -1  1  0    26
   351    39  2      S   9  3  2  2  1  T      Pdx2-y2   5.447 -1  1  0    27
   352    40  2      S   1  3  0  0  1  F            s   4.431 -1  1  0    28
   353    40  2      S   2  3  1 -1  1  F           py   5.447 -1  1  0    29
   354    40  2      S   3  3  1  0  1  F           pz   5.447 -1  1  0    30
   355    40  2      S   4  3  1  1  1  F           px   5.447 -1  1  0    31
   356    40  2      S   5  3  2 -2  1  T         Pdxy   5.447 -1  1  0    32
   357    40  2      S   6  3  2 -1  1  T         Pdyz   5.447 -1  1  0    33
   358    40  2      S   7  3  2  0  1  T         Pdz2   5.447 -1  1  0    34
   359    40  2      S   8  3  2  1  1  T         Pdxz   5.447 -1  1  0    35
   360    40  2      S   9  3  2  2  1  T      Pdx2-y2   5.447 -1  1  0    36
   361    41  1     Sn   1  5  0  0  1  F            s   5.613  0  2  0     1
   362    41  1     Sn   2  5  1 -1  1  F           py   7.341  0  2  0     2
   363    41  1     Sn   3  5  1  0  1  F           pz   7.341  0  2  0     3
   364    41  1     Sn   4  5  1  1  1  F           px   7.341  0  2  0     4
   365    41  1     Sn   5  5  2 -2  1  T         Pdxy   7.341  0  2  0     5
   366    41  1     Sn   6  5  2 -1  1  T         Pdyz   7.341  0  2  0     6
   367    41  1     Sn   7  5  2  0  1  T         Pdz2   7.341  0  2  0     7
   368    41  1     Sn   8  5  2  1  1  T         Pdxz   7.341  0  2  0     8
   369    41  1     Sn   9  5  2  2  1  T      Pdx2-y2   7.341  0  2  0     9
   370    42  1     Sn   1  5  0  0  1  F            s   5.613  0  2  0    10
   371    42  1     Sn   2  5  1 -1  1  F           py   7.341  0  2  0    11
   372    42  1     Sn   3  5  1  0  1  F           pz   7.341  0  2  0    12
   373    42  1     Sn   4  5  1  1  1  F           px   7.341  0  2  0    13
   374    42  1     Sn   5  5  2 -2  1  T         Pdxy   7.341  0  2  0    14
   375    42  1     Sn   6  5  2 -1  1  T         Pdyz   7.341  0  2  0    15
   376    42  1     Sn   7  5  2  0  1  T         Pdz2   7.341  0  2  0    16
   377    42  1     Sn   8  5  2  1  1  T         Pdxz   7.341  0  2  0    17
   378    42  1     Sn   9  5  2  2  1  T      Pdx2-y2   7.341  0  2  0    18
   379    43  2      S   1  3  0  0  1  F            s   4.431  0  2  0    19
   380    43  2      S   2  3  1 -1  1  F           py   5.447  0  2  0    20
   381    43  2      S   3  3  1  0  1  F           pz   5.447  0  2  0    21
   382    43  2      S   4  3  1  1  1  F           px   5.447  0  2  0    22
   383    43  2      S   5  3  2 -2  1  T         Pdxy   5.447  0  2  0    23
   384    43  2      S   6  3  2 -1  1  T         Pdyz   5.447  0  2  0    24
   385    43  2      S   7  3  2  0  1  T         Pdz2   5.447  0  2  0    25
   386    43  2      S   8  3  2  1  1  T         Pdxz   5.447  0  2  0    26
   387    43  2      S   9  3  2  2  1  T      Pdx2-y2   5.447  0  2  0    27
   388    44  2      S   1  3  0  0  1  F            s   4.431  0  2  0    28
   389    44  2      S   2  3  1 -1  1  F           py   5.447  0  2  0    29
   390    44  2      S   3  3  1  0  1  F           pz   5.447  0  2  0    30
   391    44  2      S   4  3  1  1  1  F           px   5.447  0  2  0    31
   392    44  2      S   5  3  2 -2  1  T         Pdxy   5.447  0  2  0    32
   393    44  2      S   6  3  2 -1  1  T         Pdyz   5.447  0  2  0    33
   394    44  2      S   7  3  2  0  1  T         Pdz2   5.447  0  2  0    34
   395    44  2      S   8  3  2  1  1  T         Pdxz   5.447  0  2  0    35
   396    44  2      S   9  3  2  2  1  T      Pdx2-y2   5.447  0  2  0    36
   397    45  1     Sn   1  5  0  0  1  F            s   5.613  1  2  0     1
   398    45  1     Sn   2  5  1 -1  1  F           py   7.341  1  2  0     2
   399    45  1     Sn   3  5  1  0  1  F           pz   7.341  1  2  0     3
   400    45  1     Sn   4  5  1  1  1  F           px   7.341  1  2  0     4
   401    45  1     Sn   5  5  2 -2  1  T         Pdxy   7.341  1  2  0     5
   402    45  1     Sn   6  5  2 -1  1  T         Pdyz   7.341  1  2  0     6
   403    45  1     Sn   7  5  2  0  1  T         Pdz2   7.341  1  2  0     7
   404    45  1     Sn   8  5  2  1  1  T         Pdxz   7.341  1  2  0     8
   405    45  1     Sn   9  5  2  2  1  T      Pdx2-y2   7.341  1  2  0     9
   406    46  1     Sn   1  5  0  0  1  F            s   5.613  1  2  0    10
   407    46  1     Sn   2  5  1 -1  1  F           py   7.341  1  2  0    11
   408    46  1     Sn   3  5  1  0  1  F           pz   7.341  1  2  0    12
   409    46  1     Sn   4  5  1  1  1  F           px   7.341  1  2  0    13
   410    46  1     Sn   5  5  2 -2  1  T         Pdxy   7.341  1  2  0    14
   411    46  1     Sn   6  5  2 -1  1  T         Pdyz   7.341  1  2  0    15
   412    46  1     Sn   7  5  2  0  1  T         Pdz2   7.341  1  2  0    16
   413    46  1     Sn   8  5  2  1  1  T         Pdxz   7.341  1  2  0    17
   414    46  1     Sn   9  5  2  2  1  T      Pdx2-y2   7.341  1  2  0    18
   415    47  2      S   1  3  0  0  1  F            s   4.431  1  2  0    19
   416    47  2      S   2  3  1 -1  1  F           py   5.447  1  2  0    20
   417    47  2      S   3  3  1  0  1  F           pz   5.447  1  2  0    21
   418    47  2      S   4  3  1  1  1  F           px   5.447  1  2  0    22
   419    47  2      S   5  3  2 -2  1  T         Pdxy   5.447  1  2  0    23
   420    47  2      S   6  3  2 -1  1  T         Pdyz   5.447  1  2  0    24
   421    47  2      S   7  3  2  0  1  T         Pdz2   5.447  1  2  0    25
   422    47  2      S   8  3  2  1  1  T         Pdxz   5.447  1  2  0    26
   423    47  2      S   9  3  2  2  1  T      Pdx2-y2   5.447  1  2  0    27
   424    48  2      S   1  3  0  0  1  F            s   4.431  1  2  0    28
   425    48  2      S   2  3  1 -1  1  F           py   5.447  1  2  0    29
   426    48  2      S   3  3  1  0  1  F           pz   5.447  1  2  0    30
   427    48  2      S   4  3  1  1  1  F           px   5.447  1  2  0    31
   428    48  2      S   5  3  2 -2  1  T         Pdxy   5.447  1  2  0    32
   429    48  2      S   6  3  2 -1  1  T         Pdyz   5.447  1  2  0    33
   430    48  2      S   7  3  2  0  1  T         Pdz2   5.447  1  2  0    34
   431    48  2      S   8  3  2  1  1  T         Pdxz   5.447  1  2  0    35
   432    48  2      S   9  3  2  2  1  T      Pdx2-y2   5.447  1  2  0    36
   433    49  1     Sn   1  5  0  0  1  F            s   5.613  2  2  0     1
   434    49  1     Sn   2  5  1 -1  1  F           py   7.341  2  2  0     2
   435    49  1     Sn   3  5  1  0  1  F           pz   7.341  2  2  0     3
   436    49  1     Sn   4  5  1  1  1  F           px   7.341  2  2  0     4
   437    49  1     Sn   5  5  2 -2  1  T         Pdxy   7.341  2  2  0     5
   438    49  1     Sn   6  5  2 -1  1  T         Pdyz   7.341  2  2  0     6
   439    49  1     Sn   7  5  2  0  1  T         Pdz2   7.341  2  2  0     7
   440    49  1     Sn   8  5  2  1  1  T         Pdxz   7.341  2  2  0     8
   441    49  1     Sn   9  5  2  2  1  T      Pdx2-y2   7.341  2  2  0     9
   442    50  1     Sn   1  5  0  0  1  F            s   5.613  2  2  0    10
   443    50  1     Sn   2  5  1 -1  1  F           py   7.341  2  2  0    11
   444    50  1     Sn   3  5  1  0  1  F           pz   7.341  2  2  0    12
   445    50  1     Sn   4  5  1  1  1  F           px   7.341  2  2  0    13
   446    50  1     Sn   5  5  2 -2  1  T         Pdxy   7.341  2  2  0    14
   447    50  1     Sn   6  5  2 -1  1  T         Pdyz   7.341  2  2  0    15
   448    50  1     Sn   7  5  2  0  1  T         Pdz2   7.341  2  2  0    16
   449    50  1     Sn   8  5  2  1  1  T         Pdxz   7.341  2  2  0    17
   450    50  1     Sn   9  5  2  2  1  T      Pdx2-y2   7.341  2  2  0    18
   451    51  2      S   1  3  0  0  1  F            s   4.431  2  2  0    19
   452    51  2      S   2  3  1 -1  1  F           py   5.447  2  2  0    20
   453    51  2      S   3  3  1  0  1  F           pz   5.447  2  2  0    21
   454    51  2      S   4  3  1  1  1  F           px   5.447  2  2  0    22
   455    51  2      S   5  3  2 -2  1  T         Pdxy   5.447  2  2  0    23
   456    51  2      S   6  3  2 -1  1  T         Pdyz   5.447  2  2  0    24
   457    51  2      S   7  3  2  0  1  T         Pdz2   5.447  2  2  0    25
   458    51  2      S   8  3  2  1  1  T         Pdxz   5.447  2  2  0    26
   459    51  2      S   9  3  2  2  1  T      Pdx2-y2   5.447  2  2  0    27
   460    52  2      S   1  3  0  0  1  F            s   4.431  2  2  0    28
   461    52  2      S   2  3  1 -1  1  F           py   5.447  2  2  0    29
   462    52  2      S   3  3  1  0  1  F           pz   5.447  2  2  0    30
   463    52  2      S   4  3  1  1  1  F           px   5.447  2  2  0    31
   464    52  2      S   5  3  2 -2  1  T         Pdxy   5.447  2  2  0    32
   465    52  2      S   6  3  2 -1  1  T         Pdyz   5.447  2  2  0    33
   466    52  2      S   7  3  2  0  1  T         Pdz2   5.447  2  2  0    34
   467    52  2      S   8  3  2  1  1  T         Pdxz   5.447  2  2  0    35
   468    52  2      S   9  3  2  2  1  T      Pdx2-y2   5.447  2  2  0    36
   469    53  1     Sn   1  5  0  0  1  F            s   5.613 -2  2  0     1
   470    53  1     Sn   2  5  1 -1  1  F           py   7.341 -2  2  0     2
   471    53  1     Sn   3  5  1  0  1  F           pz   7.341 -2  2  0     3
   472    53  1     Sn   4  5  1  1  1  F           px   7.341 -2  2  0     4
   473    53  1     Sn   5  5  2 -2  1  T         Pdxy   7.341 -2  2  0     5
   474    53  1     Sn   6  5  2 -1  1  T         Pdyz   7.341 -2  2  0     6
   475    53  1     Sn   7  5  2  0  1  T         Pdz2   7.341 -2  2  0     7
   476    53  1     Sn   8  5  2  1  1  T         Pdxz   7.341 -2  2  0     8
   477    53  1     Sn   9  5  2  2  1  T      Pdx2-y2   7.341 -2  2  0     9
   478    54  1     Sn   1  5  0  0  1  F            s   5.613 -2  2  0    10
   479    54  1     Sn   2  5  1 -1  1  F           py   7.341 -2  2  0    11
   480    54  1     Sn   3  5  1  0  1  F           pz   7.341 -2  2  0    12
   481    54  1     Sn   4  5  1  1  1  F           px   7.341 -2  2  0    13
   482    54  1     Sn   5  5  2 -2  1  T         Pdxy   7.341 -2  2  0    14
   483    54  1     Sn   6  5  2 -1  1  T         Pdyz   7.341 -2  2  0    15
   484    54  1     Sn   7  5  2  0  1  T         Pdz2   7.341 -2  2  0    16
   485    54  1     Sn   8  5  2  1  1  T         Pdxz   7.341 -2  2  0    17
   486    54  1     Sn   9  5  2  2  1  T      Pdx2-y2   7.341 -2  2  0    18
   487    55  2      S   1  3  0  0  1  F            s   4.431 -2  2  0    19
   488    55  2      S   2  3  1 -1  1  F           py   5.447 -2  2  0    20
   489    55  2      S   3  3  1  0  1  F           pz   5.447 -2  2  0    21
   490    55  2      S   4  3  1  1  1  F           px   5.447 -2  2  0    22
   491    55  2      S   5  3  2 -2  1  T         Pdxy   5.447 -2  2  0    23
   492    55  2      S   6  3  2 -1  1  T         Pdyz   5.447 -2  2  0    24
   493    55  2      S   7  3  2  0  1  T         Pdz2   5.447 -2  2  0    25
   494    55  2      S   8  3  2  1  1  T         Pdxz   5.447 -2  2  0    26
   495    55  2      S   9  3  2  2  1  T      Pdx2-y2   5.447 -2  2  0    27
   496    56  2      S   1  3  0  0  1  F            s   4.431 -2  2  0    28
   497    56  2      S   2  3  1 -1  1  F           py   5.447 -2  2  0    29
   498    56  2      S   3  3  1  0  1  F           pz   5.447 -2  2  0    30
   499    56  2      S   4  3  1  1  1  F           px   5.447 -2  2  0    31
   500    56  2      S   5  3  2 -2  1  T         Pdxy   5.447 -2  2  0    32
   501    56  2      S   6  3  2 -1  1  T         Pdyz   5.447 -2  2  0    33
   502    56  2      S   7  3  2  0  1  T         Pdz2   5.447 -2  2  0    34
   503    56  2      S   8  3  2  1  1  T         Pdxz   5.447 -2  2  0    35
   504    56  2      S   9  3  2  2  1  T      Pdx2-y2   5.447 -2  2  0    36
   505    57  1     Sn   1  5  0  0  1  F            s   5.613 -1  2  0     1
   506    57  1     Sn   2  5  1 -1  1  F           py   7.341 -1  2  0     2
   507    57  1     Sn   3  5  1  0  1  F           pz   7.341 -1  2  0     3
   508    57  1     Sn   4  5  1  1  1  F           px   7.341 -1  2  0     4
   509    57  1     Sn   5  5  2 -2  1  T         Pdxy   7.341 -1  2  0     5
   510    57  1     Sn   6  5  2 -1  1  T         Pdyz   7.341 -1  2  0     6
   511    57  1     Sn   7  5  2  0  1  T         Pdz2   7.341 -1  2  0     7
   512    57  1     Sn   8  5  2  1  1  T         Pdxz   7.341 -1  2  0     8
   513    57  1     Sn   9  5  2  2  1  T      Pdx2-y2   7.341 -1  2  0     9
   514    58  1     Sn   1  5  0  0  1  F            s   5.613 -1  2  0    10
   515    58  1     Sn   2  5  1 -1  1  F           py   7.341 -1  2  0    11
   516    58  1     Sn   3  5  1  0  1  F           pz   7.341 -1  2  0    12
   517    58  1     Sn   4  5  1  1  1  F           px   7.341 -1  2  0    13
   518    58  1     Sn   5  5  2 -2  1  T         Pdxy   7.341 -1  2  0    14
   519    58  1     Sn   6  5  2 -1  1  T         Pdyz   7.341 -1  2  0    15
   520    58  1     Sn   7  5  2  0  1  T         Pdz2   7.341 -1  2  0    16
   521    58  1     Sn   8  5  2  1  1  T         Pdxz   7.341 -1  2  0    17
   522    58  1     Sn   9  5  2  2  1  T      Pdx2-y2   7.341 -1  2  0    18
   523    59  2      S   1  3  0  0  1  F            s   4.431 -1  2  0    19
   524    59  2      S   2  3  1 -1  1  F           py   5.447 -1  2  0    20
   525    59  2      S   3  3  1  0  1  F           pz   5.447 -1  2  0    21
   526    59  2      S   4  3  1  1  1  F           px   5.447 -1  2  0    22
   527    59  2      S   5  3  2 -2  1  T         Pdxy   5.447 -1  2  0    23
   528    59  2      S   6  3  2 -1  1  T         Pdyz   5.447 -1  2  0    24
   529    59  2      S   7  3  2  0  1  T         Pdz2   5.447 -1  2  0    25
   530    59  2      S   8  3  2  1  1  T         Pdxz   5.447 -1  2  0    26
   531    59  2      S   9  3  2  2  1  T      Pdx2-y2   5.447 -1  2  0    27
   532    60  2      S   1  3  0  0  1  F            s   4.431 -1  2  0    28
   533    60  2      S   2  3  1 -1  1  F           py   5.447 -1  2  0    29
   534    60  2      S   3  3  1  0  1  F           pz   5.447 -1  2  0    30
   535    60  2      S   4  3  1  1  1  F           px   5.447 -1  2  0    31
   536    60  2      S   5  3  2 -2  1  T         Pdxy   5.447 -1  2  0    32
   537    60  2      S   6  3  2 -1  1  T         Pdyz   5.447 -1  2  0    33
   538    60  2      S   7  3  2  0  1  T         Pdz2   5.447 -1  2  0    34
   539    60  2      S   8  3  2  1  1  T         Pdxz   5.447 -1  2  0    35
   540    60  2      S   9  3  2  2  1  T      Pdx2-y2   5.447 -1  2  0    36
   541    61  1     Sn   1  5  0  0  1  F            s   5.613  0 -2  0     1
   542    61  1     Sn   2  5  1 -1  1  F           py   7.341  0 -2  0     2
   543    61  1     Sn   3  5  1  0  1  F           pz   7.341  0 -2  0     3
   544    61  1     Sn   4  5  1  1  1  F           px   7.341  0 -2  0     4
   545    61  1     Sn   5  5  2 -2  1  T         Pdxy   7.341  0 -2  0     5
   546    61  1     Sn   6  5  2 -1  1  T         Pdyz   7.341  0 -2  0     6
   547    61  1     Sn   7  5  2  0  1  T         Pdz2   7.341  0 -2  0     7
   548    61  1     Sn   8  5  2  1  1  T         Pdxz   7.341  0 -2  0     8
   549    61  1     Sn   9  5  2  2  1  T      Pdx2-y2   7.341  0 -2  0     9
   550    62  1     Sn   1  5  0  0  1  F            s   5.613  0 -2  0    10
   551    62  1     Sn   2  5  1 -1  1  F           py   7.341  0 -2  0    11
   552    62  1     Sn   3  5  1  0  1  F           pz   7.341  0 -2  0    12
   553    62  1     Sn   4  5  1  1  1  F           px   7.341  0 -2  0    13
   554    62  1     Sn   5  5  2 -2  1  T         Pdxy   7.341  0 -2  0    14
   555    62  1     Sn   6  5  2 -1  1  T         Pdyz   7.341  0 -2  0    15
   556    62  1     Sn   7  5  2  0  1  T         Pdz2   7.341  0 -2  0    16
   557    62  1     Sn   8  5  2  1  1  T         Pdxz   7.341  0 -2  0    17
   558    62  1     Sn   9  5  2  2  1  T      Pdx2-y2   7.341  0 -2  0    18
   559    63  2      S   1  3  0  0  1  F            s   4.431  0 -2  0    19
   560    63  2      S   2  3  1 -1  1  F           py   5.447  0 -2  0    20
   561    63  2      S   3  3  1  0  1  F           pz   5.447  0 -2  0    21
   562    63  2      S   4  3  1  1  1  F           px   5.447  0 -2  0    22
   563    63  2      S   5  3  2 -2  1  T         Pdxy   5.447  0 -2  0    23
   564    63  2      S   6  3  2 -1  1  T         Pdyz   5.447  0 -2  0    24
   565    63  2      S   7  3  2  0  1  T         Pdz2   5.447  0 -2  0    25
   566    63  2      S   8  3  2  1  1  T         Pdxz   5.447  0 -2  0    26
   567    63  2      S   9  3  2  2  1  T      Pdx2-y2   5.447  0 -2  0    27
   568    64  2      S   1  3  0  0  1  F            s   4.431  0 -2  0    28
   569    64  2      S   2  3  1 -1  1  F           py   5.447  0 -2  0    29
   570    64  2      S   3  3  1  0  1  F           pz   5.447  0 -2  0    30
   571    64  2      S   4  3  1  1  1  F           px   5.447  0 -2  0    31
   572    64  2      S   5  3  2 -2  1  T         Pdxy   5.447  0 -2  0    32
   573    64  2      S   6  3  2 -1  1  T         Pdyz   5.447  0 -2  0    33
   574    64  2      S   7  3  2  0  1  T         Pdz2   5.447  0 -2  0    34
   575    64  2      S   8  3  2  1  1  T         Pdxz   5.447  0 -2  0    35
   576    64  2      S   9  3  2  2  1  T      Pdx2-y2   5.447  0 -2  0    36
   577    65  1     Sn   1  5  0  0  1  F            s   5.613  1 -2  0     1
   578    65  1     Sn   2  5  1 -1  1  F           py   7.341  1 -2  0     2
   579    65  1     Sn   3  5  1  0  1  F           pz   7.341  1 -2  0     3
   580    65  1     Sn   4  5  1  1  1  F           px   7.341  1 -2  0     4
   581    65  1     Sn   5  5  2 -2  1  T         Pdxy   7.341  1 -2  0     5
   582    65  1     Sn   6  5  2 -1  1  T         Pdyz   7.341  1 -2  0     6
   583    65  1     Sn   7  5  2  0  1  T         Pdz2   7.341  1 -2  0     7
   584    65  1     Sn   8  5  2  1  1  T         Pdxz   7.341  1 -2  0     8
   585    65  1     Sn   9  5  2  2  1  T      Pdx2-y2   7.341  1 -2  0     9
   586    66  1     Sn   1  5  0  0  1  F            s   5.613  1 -2  0    10
   587    66  1     Sn   2  5  1 -1  1  F           py   7.341  1 -2  0    11
   588    66  1     Sn   3  5  1  0  1  F           pz   7.341  1 -2  0    12
   589    66  1     Sn   4  5  1  1  1  F           px   7.341  1 -2  0    13
   590    66  1     Sn   5  5  2 -2  1  T         Pdxy   7.341  1 -2  0    14
   591    66  1     Sn   6  5  2 -1  1  T         Pdyz   7.341  1 -2  0    15
   592    66  1     Sn   7  5  2  0  1  T         Pdz2   7.341  1 -2  0    16
   593    66  1     Sn   8  5  2  1  1  T         Pdxz   7.341  1 -2  0    17
   594    66  1     Sn   9  5  2  2  1  T      Pdx2-y2   7.341  1 -2  0    18
   595    67  2      S   1  3  0  0  1  F            s   4.431  1 -2  0    19
   596    67  2      S   2  3  1 -1  1  F           py   5.447  1 -2  0    20
   597    67  2      S   3  3  1  0  1  F           pz   5.447  1 -2  0    21
   598    67  2      S   4  3  1  1  1  F           px   5.447  1 -2  0    22
   599    67  2      S   5  3  2 -2  1  T         Pdxy   5.447  1 -2  0    23
   600    67  2      S   6  3  2 -1  1  T         Pdyz   5.447  1 -2  0    24
   601    67  2      S   7  3  2  0  1  T         Pdz2   5.447  1 -2  0    25
   602    67  2      S   8  3  2  1  1  T         Pdxz   5.447  1 -2  0    26
   603    67  2      S   9  3  2  2  1  T      Pdx2-y2   5.447  1 -2  0    27
   604    68  2      S   1  3  0  0  1  F            s   4.431  1 -2  0    28
   605    68  2      S   2  3  1 -1  1  F           py   5.447  1 -2  0    29
   606    68  2      S   3  3  1  0  1  F           pz   5.447  1 -2  0    30
   607    68  2      S   4  3  1  1  1  F           px   5.447  1 -2  0    31
   608    68  2      S   5  3  2 -2  1  T         Pdxy   5.447  1 -2  0    32
   609    68  2      S   6  3  2 -1  1  T         Pdyz   5.447  1 -2  0    33
   610    68  2      S   7  3  2  0  1  T         Pdz2   5.447  1 -2  0    34
   611    68  2      S   8  3  2  1  1  T         Pdxz   5.447  1 -2  0    35
   612    68  2      S   9  3  2  2  1  T      Pdx2-y2   5.447  1 -2  0    36
   613    69  1     Sn   1  5  0  0  1  F            s   5.613  2 -2  0     1
   614    69  1     Sn   2  5  1 -1  1  F           py   7.341  2 -2  0     2
   615    69  1     Sn   3  5  1  0  1  F           pz   7.341  2 -2  0     3
   616    69  1     Sn   4  5  1  1  1  F           px   7.341  2 -2  0     4
   617    69  1     Sn   5  5  2 -2  1  T         Pdxy   7.341  2 -2  0     5
   618    69  1     Sn   6  5  2 -1  1  T         Pdyz   7.341  2 -2  0     6
   619    69  1     Sn   7  5  2  0  1  T         Pdz2   7.341  2 -2  0     7
   620    69  1     Sn   8  5  2  1  1  T         Pdxz   7.341  2 -2  0     8
   621    69  1     Sn   9  5  2  2  1  T      Pdx2-y2   7.341  2 -2  0     9
   622    70  1     Sn   1  5  0  0  1  F            s   5.613  2 -2  0    10
   623    70  1     Sn   2  5  1 -1  1  F           py   7.341  2 -2  0    11
   624    70  1     Sn   3  5  1  0  1  F           pz   7.341  2 -2  0    12
   625    70  1     Sn   4  5  1  1  1  F           px   7.341  2 -2  0    13
   626    70  1     Sn   5  5  2 -2  1  T         Pdxy   7.341  2 -2  0    14
   627    70  1     Sn   6  5  2 -1  1  T         Pdyz   7.341  2 -2  0    15
   628    70  1     Sn   7  5  2  0  1  T         Pdz2   7.341  2 -2  0    16
   629    70  1     Sn   8  5  2  1  1  T         Pdxz   7.341  2 -2  0    17
   630    70  1     Sn   9  5  2  2  1  T      Pdx2-y2   7.341  2 -2  0    18
   631    71  2      S   1  3  0  0  1  F            s   4.431  2 -2  0    19
   632    71  2      S   2  3  1 -1  1  F           py   5.447  2 -2  0    20
   633    71  2      S   3  3  1  0  1  F           pz   5.447  2 -2  0    21
   634    71  2      S   4  3  1  1  1  F           px   5.447  2 -2  0    22
   635    71  2      S   5  3  2 -2  1  T         Pdxy   5.447  2 -2  0    23
   636    71  2      S   6  3  2 -1  1  T         Pdyz   5.447  2 -2  0    24
   637    71  2      S   7  3  2  0  1  T         Pdz2   5.447  2 -2  0    25
   638    71  2      S   8  3  2  1  1  T         Pdxz   5.447  2 -2  0    26
   639    71  2      S   9  3  2  2  1  T      Pdx2-y2   5.447  2 -2  0    27
   640    72  2      S   1  3  0  0  1  F            s   4.431  2 -2  0    28
   641    72  2      S   2  3  1 -1  1  F           py   5.447  2 -2  0    29
   642    72  2      S   3  3  1  0  1  F           pz   5.447  2 -2  0    30
   643    72  2      S   4  3  1  1  1  F           px   5.447  2 -2  0    31
   644    72  2      S   5  3  2 -2  1  T         Pdxy   5.447  2 -2  0    32
   645    72  2      S   6  3  2 -1  1  T         Pdyz   5.447  2 -2  0    33
   646    72  2      S   7  3  2  0  1  T         Pdz2   5.447  2 -2  0    34
   647    72  2      S   8  3  2  1  1  T         Pdxz   5.447  2 -2  0    35
   648    72  2      S   9  3  2  2  1  T      Pdx2-y2   5.447  2 -2  0    36
   649    73  1     Sn   1  5  0  0  1  F            s   5.613 -2 -2  0     1
   650    73  1     Sn   2  5  1 -1  1  F           py   7.341 -2 -2  0     2
   651    73  1     Sn   3  5  1  0  1  F           pz   7.341 -2 -2  0     3
   652    73  1     Sn   4  5  1  1  1  F           px   7.341 -2 -2  0     4
   653    73  1     Sn   5  5  2 -2  1  T         Pdxy   7.341 -2 -2  0     5
   654    73  1     Sn   6  5  2 -1  1  T         Pdyz   7.341 -2 -2  0     6
   655    73  1     Sn   7  5  2  0  1  T         Pdz2   7.341 -2 -2  0     7
   656    73  1     Sn   8  5  2  1  1  T         Pdxz   7.341 -2 -2  0     8
   657    73  1     Sn   9  5  2  2  1  T      Pdx2-y2   7.341 -2 -2  0     9
   658    74  1     Sn   1  5  0  0  1  F            s   5.613 -2 -2  0    10
   659    74  1     Sn   2  5  1 -1  1  F           py   7.341 -2 -2  0    11
   660    74  1     Sn   3  5  1  0  1  F           pz   7.341 -2 -2  0    12
   661    74  1     Sn   4  5  1  1  1  F           px   7.341 -2 -2  0    13
   662    74  1     Sn   5  5  2 -2  1  T         Pdxy   7.341 -2 -2  0    14
   663    74  1     Sn   6  5  2 -1  1  T         Pdyz   7.341 -2 -2  0    15
   664    74  1     Sn   7  5  2  0  1  T         Pdz2   7.341 -2 -2  0    16
   665    74  1     Sn   8  5  2  1  1  T         Pdxz   7.341 -2 -2  0    17
   666    74  1     Sn   9  5  2  2  1  T      Pdx2-y2   7.341 -2 -2  0    18
   667    75  2      S   1  3  0  0  1  F            s   4.431 -2 -2  0    19
   668    75  2      S   2  3  1 -1  1  F           py   5.447 -2 -2  0    20
   669    75  2      S   3  3  1  0  1  F           pz   5.447 -2 -2  0    21
   670    75  2      S   4  3  1  1  1  F           px   5.447 -2 -2  0    22
   671    75  2      S   5  3  2 -2  1  T         Pdxy   5.447 -2 -2  0    23
   672    75  2      S   6  3  2 -1  1  T         Pdyz   5.447 -2 -2  0    24
   673    75  2      S   7  3  2  0  1  T         Pdz2   5.447 -2 -2  0    25
   674    75  2      S   8  3  2  1  1  T         Pdxz   5.447 -2 -2  0    26
   675    75  2      S   9  3  2  2  1  T      Pdx2-y2   5.447 -2 -2  0    27
   676    76  2      S   1  3  0  0  1  F            s   4.431 -2 -2  0    28
   677    76  2      S   2  3  1 -1  1  F           py   5.447 -2 -2  0    29
   678    76  2      S   3  3  1  0  1  F           pz   5.447 -2 -2  0    30
   679    76  2      S   4  3  1  1  1  F           px   5.447 -2 -2  0    31
   680    76  2      S   5  3  2 -2  1  T         Pdxy   5.447 -2 -2  0    32
   681    76  2      S   6  3  2 -1  1  T         Pdyz   5.447 -2 -2  0    33
   682    76  2      S   7  3  2  0  1  T         Pdz2   5.447 -2 -2  0    34
   683    76  2      S   8  3  2  1  1  T         Pdxz   5.447 -2 -2  0    35
   684    76  2      S   9  3  2  2  1  T      Pdx2-y2   5.447 -2 -2  0    36
   685    77  1     Sn   1  5  0  0  1  F            s   5.613 -1 -2  0     1
   686    77  1     Sn   2  5  1 -1  1  F           py   7.341 -1 -2  0     2
   687    77  1     Sn   3  5  1  0  1  F           pz   7.341 -1 -2  0     3
   688    77  1     Sn   4  5  1  1  1  F           px   7.341 -1 -2  0     4
   689    77  1     Sn   5  5  2 -2  1  T         Pdxy   7.341 -1 -2  0     5
   690    77  1     Sn   6  5  2 -1  1  T         Pdyz   7.341 -1 -2  0     6
   691    77  1     Sn   7  5  2  0  1  T         Pdz2   7.341 -1 -2  0     7
   692    77  1     Sn   8  5  2  1  1  T         Pdxz   7.341 -1 -2  0     8
   693    77  1     Sn   9  5  2  2  1  T      Pdx2-y2   7.341 -1 -2  0     9
   694    78  1     Sn   1  5  0  0  1  F            s   5.613 -1 -2  0    10
   695    78  1     Sn   2  5  1 -1  1  F           py   7.341 -1 -2  0    11
   696    78  1     Sn   3  5  1  0  1  F           pz   7.341 -1 -2  0    12
   697    78  1     Sn   4  5  1  1  1  F           px   7.341 -1 -2  0    13
   698    78  1     Sn   5  5  2 -2  1  T         Pdxy   7.341 -1 -2  0    14
   699    78  1     Sn   6  5  2 -1  1  T         Pdyz   7.341 -1 -2  0    15
   700    78  1     Sn   7  5  2  0  1  T         Pdz2   7.341 -1 -2  0    16
   701    78  1     Sn   8  5  2  1  1  T         Pdxz   7.341 -1 -2  0    17
   702    78  1     Sn   9  5  2  2  1  T      Pdx2-y2   7.341 -1 -2  0    18
   703    79  2      S   1  3  0  0  1  F            s   4.431 -1 -2  0    19
   704    79  2      S   2  3  1 -1  1  F           py   5.447 -1 -2  0    20
   705    79  2      S   3  3  1  0  1  F           pz   5.447 -1 -2  0    21
   706    79  2      S   4  3  1  1  1  F           px   5.447 -1 -2  0    22
   707    79  2      S   5  3  2 -2  1  T         Pdxy   5.447 -1 -2  0    23
   708    79  2      S   6  3  2 -1  1  T         Pdyz   5.447 -1 -2  0    24
   709    79  2      S   7  3  2  0  1  T         Pdz2   5.447 -1 -2  0    25
   710    79  2      S   8  3  2  1  1  T         Pdxz   5.447 -1 -2  0    26
   711    79  2      S   9  3  2  2  1  T      Pdx2-y2   5.447 -1 -2  0    27
   712    80  2      S   1  3  0  0  1  F            s   4.431 -1 -2  0    28
   713    80  2      S   2  3  1 -1  1  F           py   5.447 -1 -2  0    29
   714    80  2      S   3  3  1  0  1  F           pz   5.447 -1 -2  0    30
   715    80  2      S   4  3  1  1  1  F           px   5.447 -1 -2  0    31
   716    80  2      S   5  3  2 -2  1  T         Pdxy   5.447 -1 -2  0    32
   717    80  2      S   6  3  2 -1  1  T         Pdyz   5.447 -1 -2  0    33
   718    80  2      S   7  3  2  0  1  T         Pdz2   5.447 -1 -2  0    34
   719    80  2      S   8  3  2  1  1  T         Pdxz   5.447 -1 -2  0    35
   720    80  2      S   9  3  2  2  1  T      Pdx2-y2   5.447 -1 -2  0    36
   721    81  1     Sn   1  5  0  0  1  F            s   5.613  0 -1  0     1
   722    81  1     Sn   2  5  1 -1  1  F           py   7.341  0 -1  0     2
   723    81  1     Sn   3  5  1  0  1  F           pz   7.341  0 -1  0     3
   724    81  1     Sn   4  5  1  1  1  F           px   7.341  0 -1  0     4
   725    81  1     Sn   5  5  2 -2  1  T         Pdxy   7.341  0 -1  0     5
   726    81  1     Sn   6  5  2 -1  1  T         Pdyz   7.341  0 -1  0     6
   727    81  1     Sn   7  5  2  0  1  T         Pdz2   7.341  0 -1  0     7
   728    81  1     Sn   8  5  2  1  1  T         Pdxz   7.341  0 -1  0     8
   729    81  1     Sn   9  5  2  2  1  T      Pdx2-y2   7.341  0 -1  0     9
   730    82  1     Sn   1  5  0  0  1  F            s   5.613  0 -1  0    10
   731    82  1     Sn   2  5  1 -1  1  F           py   7.341  0 -1  0    11
   732    82  1     Sn   3  5  1  0  1  F           pz   7.341  0 -1  0    12
   733    82  1     Sn   4  5  1  1  1  F           px   7.341  0 -1  0    13
   734    82  1     Sn   5  5  2 -2  1  T         Pdxy   7.341  0 -1  0    14
   735    82  1     Sn   6  5  2 -1  1  T         Pdyz   7.341  0 -1  0    15
   736    82  1     Sn   7  5  2  0  1  T         Pdz2   7.341  0 -1  0    16
   737    82  1     Sn   8  5  2  1  1  T         Pdxz   7.341  0 -1  0    17
   738    82  1     Sn   9  5  2  2  1  T      Pdx2-y2   7.341  0 -1  0    18
   739    83  2      S   1  3  0  0  1  F            s   4.431  0 -1  0    19
   740    83  2      S   2  3  1 -1  1  F           py   5.447  0 -1  0    20
   741    83  2      S   3  3  1  0  1  F           pz   5.447  0 -1  0    21
   742    83  2      S   4  3  1  1  1  F           px   5.447  0 -1  0    22
   743    83  2      S   5  3  2 -2  1  T         Pdxy   5.447  0 -1  0    23
   744    83  2      S   6  3  2 -1  1  T         Pdyz   5.447  0 -1  0    24
   745    83  2      S   7  3  2  0  1  T         Pdz2   5.447  0 -1  0    25
   746    83  2      S   8  3  2  1  1  T         Pdxz   5.447  0 -1  0    26
   747    83  2      S   9  3  2  2  1  T      Pdx2-y2   5.447  0 -1  0    27
   748    84  2      S   1  3  0  0  1  F            s   4.431  0 -1  0    28
   749    84  2      S   2  3  1 -1  1  F           py   5.447  0 -1  0    29
   750    84  2      S   3  3  1  0  1  F           pz   5.447  0 -1  0    30
   751    84  2      S   4  3  1  1  1  F           px   5.447  0 -1  0    31
   752    84  2      S   5  3  2 -2  1  T         Pdxy   5.447  0 -1  0    32
   753    84  2      S   6  3  2 -1  1  T         Pdyz   5.447  0 -1  0    33
   754    84  2      S   7  3  2  0  1  T         Pdz2   5.447  0 -1  0    34
   755    84  2      S   8  3  2  1  1  T         Pdxz   5.447  0 -1  0    35
   756    84  2      S   9  3  2  2  1  T      Pdx2-y2   5.447  0 -1  0    36
   757    85  1     Sn   1  5  0  0  1  F            s   5.613  1 -1  0     1
   758    85  1     Sn   2  5  1 -1  1  F           py   7.341  1 -1  0     2
   759    85  1     Sn   3  5  1  0  1  F           pz   7.341  1 -1  0     3
   760    85  1     Sn   4  5  1  1  1  F           px   7.341  1 -1  0     4
   761    85  1     Sn   5  5  2 -2  1  T         Pdxy   7.341  1 -1  0     5
   762    85  1     Sn   6  5  2 -1  1  T         Pdyz   7.341  1 -1  0     6
   763    85  1     Sn   7  5  2  0  1  T         Pdz2   7.341  1 -1  0     7
   764    85  1     Sn   8  5  2  1  1  T         Pdxz   7.341  1 -1  0     8
   765    85  1     Sn   9  5  2  2  1  T      Pdx2-y2   7.341  1 -1  0     9
   766    86  1     Sn   1  5  0  0  1  F            s   5.613  1 -1  0    10
   767    86  1     Sn   2  5  1 -1  1  F           py   7.341  1 -1  0    11
   768    86  1     Sn   3  5  1  0  1  F           pz   7.341  1 -1  0    12
   769    86  1     Sn   4  5  1  1  1  F           px   7.341  1 -1  0    13
   770    86  1     Sn   5  5  2 -2  1  T         Pdxy   7.341  1 -1  0    14
   771    86  1     Sn   6  5  2 -1  1  T         Pdyz   7.341  1 -1  0    15
   772    86  1     Sn   7  5  2  0  1  T         Pdz2   7.341  1 -1  0    16
   773    86  1     Sn   8  5  2  1  1  T         Pdxz   7.341  1 -1  0    17
   774    86  1     Sn   9  5  2  2  1  T      Pdx2-y2   7.341  1 -1  0    18
   775    87  2      S   1  3  0  0  1  F            s   4.431  1 -1  0    19
   776    87  2      S   2  3  1 -1  1  F           py   5.447  1 -1  0    20
   777    87  2      S   3  3  1  0  1  F           pz   5.447  1 -1  0    21
   778    87  2      S   4  3  1  1  1  F           px   5.447  1 -1  0    22
   779    87  2      S   5  3  2 -2  1  T         Pdxy   5.447  1 -1  0    23
   780    87  2      S   6  3  2 -1  1  T         Pdyz   5.447  1 -1  0    24
   781    87  2      S   7  3  2  0  1  T         Pdz2   5.447  1 -1  0    25
   782    87  2      S   8  3  2  1  1  T         Pdxz   5.447  1 -1  0    26
   783    87  2      S   9  3  2  2  1  T      Pdx2-y2   5.447  1 -1  0    27
   784    88  2      S   1  3  0  0  1  F            s   4.431  1 -1  0    28
   785    88  2      S   2  3  1 -1  1  F           py   5.447  1 -1  0    29
   786    88  2      S   3  3  1  0  1  F           pz   5.447  1 -1  0    30
   787    88  2      S   4  3  1  1  1  F           px   5.447  1 -1  0    31
   788    88  2      S   5  3  2 -2  1  T         Pdxy   5.447  1 -1  0    32
   789    88  2      S   6  3  2 -1  1  T         Pdyz   5.447  1 -1  0    33
   790    88  2      S   7  3  2  0  1  T         Pdz2   5.447  1 -1  0    34
   791    88  2      S   8  3  2  1  1  T         Pdxz   5.447  1 -1  0    35
   792    88  2      S   9  3  2  2  1  T      Pdx2-y2   5.447  1 -1  0    36
   793    89  1     Sn   1  5  0  0  1  F            s   5.613  2 -1  0     1
   794    89  1     Sn   2  5  1 -1  1  F           py   7.341  2 -1  0     2
   795    89  1     Sn   3  5  1  0  1  F           pz   7.341  2 -1  0     3
   796    89  1     Sn   4  5  1  1  1  F           px   7.341  2 -1  0     4
   797    89  1     Sn   5  5  2 -2  1  T         Pdxy   7.341  2 -1  0     5
   798    89  1     Sn   6  5  2 -1  1  T         Pdyz   7.341  2 -1  0     6
   799    89  1     Sn   7  5  2  0  1  T         Pdz2   7.341  2 -1  0     7
   800    89  1     Sn   8  5  2  1  1  T         Pdxz   7.341  2 -1  0     8
   801    89  1     Sn   9  5  2  2  1  T      Pdx2-y2   7.341  2 -1  0     9
   802    90  1     Sn   1  5  0  0  1  F            s   5.613  2 -1  0    10
   803    90  1     Sn   2  5  1 -1  1  F           py   7.341  2 -1  0    11
   804    90  1     Sn   3  5  1  0  1  F           pz   7.341  2 -1  0    12
   805    90  1     Sn   4  5  1  1  1  F           px   7.341  2 -1  0    13
   806    90  1     Sn   5  5  2 -2  1  T         Pdxy   7.341  2 -1  0    14
   807    90  1     Sn   6  5  2 -1  1  T         Pdyz   7.341  2 -1  0    15
   808    90  1     Sn   7  5  2  0  1  T         Pdz2   7.341  2 -1  0    16
   809    90  1     Sn   8  5  2  1  1  T         Pdxz   7.341  2 -1  0    17
   810    90  1     Sn   9  5  2  2  1  T      Pdx2-y2   7.341  2 -1  0    18
   811    91  2      S   1  3  0  0  1  F            s   4.431  2 -1  0    19
   812    91  2      S   2  3  1 -1  1  F           py   5.447  2 -1  0    20
   813    91  2      S   3  3  1  0  1  F           pz   5.447  2 -1  0    21
   814    91  2      S   4  3  1  1  1  F           px   5.447  2 -1  0    22
   815    91  2      S   5  3  2 -2  1  T         Pdxy   5.447  2 -1  0    23
   816    91  2      S   6  3  2 -1  1  T         Pdyz   5.447  2 -1  0    24
   817    91  2      S   7  3  2  0  1  T         Pdz2   5.447  2 -1  0    25
   818    91  2      S   8  3  2  1  1  T         Pdxz   5.447  2 -1  0    26
   819    91  2      S   9  3  2  2  1  T      Pdx2-y2   5.447  2 -1  0    27
   820    92  2      S   1  3  0  0  1  F            s   4.431  2 -1  0    28
   821    92  2      S   2  3  1 -1  1  F           py   5.447  2 -1  0    29
   822    92  2      S   3  3  1  0  1  F           pz   5.447  2 -1  0    30
   823    92  2      S   4  3  1  1  1  F           px   5.447  2 -1  0    31
   824    92  2      S   5  3  2 -2  1  T         Pdxy   5.447  2 -1  0    32
   825    92  2      S   6  3  2 -1  1  T         Pdyz   5.447  2 -1  0    33
   826    92  2      S   7  3  2  0  1  T         Pdz2   5.447  2 -1  0    34
   827    92  2      S   8  3  2  1  1  T         Pdxz   5.447  2 -1  0    35
   828    92  2      S   9  3  2  2  1  T      Pdx2-y2   5.447  2 -1  0    36
   829    93  1     Sn   1  5  0  0  1  F            s   5.613 -2 -1  0     1
   830    93  1     Sn   2  5  1 -1  1  F           py   7.341 -2 -1  0     2
   831    93  1     Sn   3  5  1  0  1  F           pz   7.341 -2 -1  0     3
   832    93  1     Sn   4  5  1  1  1  F           px   7.341 -2 -1  0     4
   833    93  1     Sn   5  5  2 -2  1  T         Pdxy   7.341 -2 -1  0     5
   834    93  1     Sn   6  5  2 -1  1  T         Pdyz   7.341 -2 -1  0     6
   835    93  1     Sn   7  5  2  0  1  T         Pdz2   7.341 -2 -1  0     7
   836    93  1     Sn   8  5  2  1  1  T         Pdxz   7.341 -2 -1  0     8
   837    93  1     Sn   9  5  2  2  1  T      Pdx2-y2   7.341 -2 -1  0     9
   838    94  1     Sn   1  5  0  0  1  F            s   5.613 -2 -1  0    10
   839    94  1     Sn   2  5  1 -1  1  F           py   7.341 -2 -1  0    11
   840    94  1     Sn   3  5  1  0  1  F           pz   7.341 -2 -1  0    12
   841    94  1     Sn   4  5  1  1  1  F           px   7.341 -2 -1  0    13
   842    94  1     Sn   5  5  2 -2  1  T         Pdxy   7.341 -2 -1  0    14
   843    94  1     Sn   6  5  2 -1  1  T         Pdyz   7.341 -2 -1  0    15
   844    94  1     Sn   7  5  2  0  1  T         Pdz2   7.341 -2 -1  0    16
   845    94  1     Sn   8  5  2  1  1  T         Pdxz   7.341 -2 -1  0    17
   846    94  1     Sn   9  5  2  2  1  T      Pdx2-y2   7.341 -2 -1  0    18
   847    95  2      S   1  3  0  0  1  F            s   4.431 -2 -1  0    19
   848    95  2      S   2  3  1 -1  1  F           py   5.447 -2 -1  0    20
   849    95  2      S   3  3  1  0  1  F           pz   5.447 -2 -1  0    21
   850    95  2      S   4  3  1  1  1  F           px   5.447 -2 -1  0    22
   851    95  2      S   5  3  2 -2  1  T         Pdxy   5.447 -2 -1  0    23
   852    95  2      S   6  3  2 -1  1  T         Pdyz   5.447 -2 -1  0    24
   853    95  2      S   7  3  2  0  1  T         Pdz2   5.447 -2 -1  0    25
   854    95  2      S   8  3  2  1  1  T         Pdxz   5.447 -2 -1  0    26
   855    95  2      S   9  3  2  2  1  T      Pdx2-y2   5.447 -2 -1  0    27
   856    96  2      S   1  3  0  0  1  F            s   4.431 -2 -1  0    28
   857    96  2      S   2  3  1 -1  1  F           py   5.447 -2 -1  0    29
   858    96  2      S   3  3  1  0  1  F           pz   5.447 -2 -1  0    30
   859    96  2      S   4  3  1  1  1  F           px   5.447 -2 -1  0    31
   860    96  2      S   5  3  2 -2  1  T         Pdxy   5.447 -2 -1  0    32
   861    96  2      S   6  3  2 -1  1  T         Pdyz   5.447 -2 -1  0    33
   862    96  2      S   7  3  2  0  1  T         Pdz2   5.447 -2 -1  0    34
   863    96  2      S   8  3  2  1  1  T         Pdxz   5.447 -2 -1  0    35
   864    96  2      S   9  3  2  2  1  T      Pdx2-y2   5.447 -2 -1  0    36
   865    97  1     Sn   1  5  0  0  1  F            s   5.613 -1 -1  0     1
   866    97  1     Sn   2  5  1 -1  1  F           py   7.341 -1 -1  0     2
   867    97  1     Sn   3  5  1  0  1  F           pz   7.341 -1 -1  0     3
   868    97  1     Sn   4  5  1  1  1  F           px   7.341 -1 -1  0     4
   869    97  1     Sn   5  5  2 -2  1  T         Pdxy   7.341 -1 -1  0     5
   870    97  1     Sn   6  5  2 -1  1  T         Pdyz   7.341 -1 -1  0     6
   871    97  1     Sn   7  5  2  0  1  T         Pdz2   7.341 -1 -1  0     7
   872    97  1     Sn   8  5  2  1  1  T         Pdxz   7.341 -1 -1  0     8
   873    97  1     Sn   9  5  2  2  1  T      Pdx2-y2   7.341 -1 -1  0     9
   874    98  1     Sn   1  5  0  0  1  F            s   5.613 -1 -1  0    10
   875    98  1     Sn   2  5  1 -1  1  F           py   7.341 -1 -1  0    11
   876    98  1     Sn   3  5  1  0  1  F           pz   7.341 -1 -1  0    12
   877    98  1     Sn   4  5  1  1  1  F           px   7.341 -1 -1  0    13
   878    98  1     Sn   5  5  2 -2  1  T         Pdxy   7.341 -1 -1  0    14
   879    98  1     Sn   6  5  2 -1  1  T         Pdyz   7.341 -1 -1  0    15
   880    98  1     Sn   7  5  2  0  1  T         Pdz2   7.341 -1 -1  0    16
   881    98  1     Sn   8  5  2  1  1  T         Pdxz   7.341 -1 -1  0    17
   882    98  1     Sn   9  5  2  2  1  T      Pdx2-y2   7.341 -1 -1  0    18
   883    99  2      S   1  3  0  0  1  F            s   4.431 -1 -1  0    19
   884    99  2      S   2  3  1 -1  1  F           py   5.447 -1 -1  0    20
   885    99  2      S   3  3  1  0  1  F           pz   5.447 -1 -1  0    21
   886    99  2      S   4  3  1  1  1  F           px   5.447 -1 -1  0    22
   887    99  2      S   5  3  2 -2  1  T         Pdxy   5.447 -1 -1  0    23
   888    99  2      S   6  3  2 -1  1  T         Pdyz   5.447 -1 -1  0    24
   889    99  2      S   7  3  2  0  1  T         Pdz2   5.447 -1 -1  0    25
   890    99  2      S   8  3  2  1  1  T         Pdxz   5.447 -1 -1  0    26
   891    99  2      S   9  3  2  2  1  T      Pdx2-y2   5.447 -1 -1  0    27
   892   100  2      S   1  3  0  0  1  F            s   4.431 -1 -1  0    28
   893   100  2      S   2  3  1 -1  1  F           py   5.447 -1 -1  0    29
   894   100  2      S   3  3  1  0  1  F           pz   5.447 -1 -1  0    30
   895   100  2      S   4  3  1  1  1  F           px   5.447 -1 -1  0    31
   896   100  2      S   5  3  2 -2  1  T         Pdxy   5.447 -1 -1  0    32
   897   100  2      S   6  3  2 -1  1  T         Pdyz   5.447 -1 -1  0    33
   898   100  2      S   7  3  2  0  1  T         Pdz2   5.447 -1 -1  0    34
   899   100  2      S   8  3  2  1  1  T         Pdxz   5.447 -1 -1  0    35
   900   100  2      S   9  3  2  2  1  T      Pdx2-y2   5.447 -1 -1  0    36

Column codes:
  io = Orbital index in supercell
  ia = Atom to which orbital belongs
  is = Atomic species index
spec = Atomic species label
 iao = Orbital index within atom
   n = Principal quantum number
   l = Angular mumentum quantum number
   m = Magnetic quantum number of (real) orbital:
       m<0 => sin(m*phi), m>=0 => cos(m*phi)
   z = Zeta index of orbital
   p = Is this a polarization orbital? (False|True)
 sym = Symmetry name of real orbital
  rc = Cutoff radius of orbital (Bohr)
 isc = Unit cell indexes to which orbital belongs:
       center(io) = center(iuo) + sum_(i=1:3) cell_vec(i) * isc(i)
 iuo = Equivalent orbital in first unit cell
 
